9.73964118226654385 54.561251023606026 9999
9.74734322210724358 54.561251023606026 9999
9.7550452619479433 54.561251023606026 9999
9.76274730178864303 54.561251023606026 9999
9.77044934162934275 54.561251023606026 9999
9.77815138147004248 54.561251023606026 9999
9.78585342131074398 54.561251023606026 9999
9.79355546115144371 54.561251023606026 9999
9.80125750099214343 54.561251023606026 9999
9.80895954083284316 54.561251023606026 9999
9.81666158067354289 54.561251023606026 9999
9.82436362051424439 54.561251023606026 9999
9.83206566035494411 54.561251023606026 9999
9.83976770019564384 54.561251023606026 9999
9.84746974003634357 54.561251023606026 9999
9.85517177987704329 54.561251023606026 9999
9.86287381971774302 54.561251023606026 9999
9.87057585955844452 54.561251023606026 9999
9.87827789939914425 54.561251023606026 9999
9.88597993923984397 54.561251023606026 9999
9.8936819790805437 54.561251023606026 9999
9.90138401892124342 54.561251023606026 9999
9.90908605876194493 54.561251023606026 9999
9.91678809860264465 54.561251023606026 9999
9.92449013844334438 54.561251023606026 9999
9.9321921782840441 54.561251023606026 9999
9.93989421812474383 54.561251023606026 9999
9.94759625796544356 54.561251023606026 9999
9.95529829780614506 54.561251023606026 9999
9.96300033764684478 54.561251023606026 9999
9.97070237748754451 54.561251023606026 9999
9.97840441732824424 54.561251023606026 9999
9.98610645716894396 54.561251023606026 9999
9.99380849700964546 54.561251023606026 9999
10.0015105368503452 54.561251023606026 9999
10.0092125766910449 54.561251023606026 9999
10.0169146165317446 54.561251023606026 9999
10.0246166563724444 54.561251023606026 -4.97500181198120117
10.0323186962131441 54.561251023606026 -8.60000038146972656
10.0400207360538456 54.561251023606026 -9.84999942779541016
10.0477227758945453 54.561251023606026 -11.3999996185302734
10.055424815735245 54.561251023606026 -12.4000005722045898
10.0631268555759448 54.561251023606026 -15.7500009536743164
10.0708288954166445 54.561251023606026 -16.4625015258789062
10.078530935257346 54.561251023606026 -16.0874996185302734
10.0862329750980457 54.561251023606026 -21
10.0939350149387455 54.561251023606026 -27.3999977111816406
10.1016370547794452 54.561251023606026 -26.1499996185302734
10.1093390946201449 54.561251023606026 -23.8000011444091797
10.1170411344608446 54.561251023606026 -22.6999988555908203
10.1247431743015461 54.561251023606026 -22
10.1324452141422459 54.561251023606026 -21.5
10.1401472539829456 54.561251023606026 -20.8500003814697266
10.1478492938236453 54.561251023606026 -21.5
10.155551333664345 54.561251023606026 -21.25
10.1632533735050465 54.561251023606026 -21
10.1709554133457463 54.561251023606026 -20.7000007629394531
10.178657453186446 54.561251023606026 -20.3999996185302734
10.1863594930271457 54.561251023606026 -20.1000003814697266
10.1940615328678454 54.561251023606026 -19.8999996185302734
10.2017635727085452 54.561251023606026 -19.7000007629394531
10.2094656125492467 54.561251023606026 -19.5000019073486328
9.73964118226654385 54.5567588014925491 9999
9.74734322210724358 54.5567588014925491 9999
9.7550452619479433 54.5567588014925491 9999
9.76274730178864303 54.5567588014925491 9999
9.77044934162934275 54.5567588014925491 9999
9.77815138147004248 54.5567588014925491 9999
9.78585342131074398 54.5567588014925491 9999
9.79355546115144371 54.5567588014925491 9999
9.80125750099214343 54.5567588014925491 9999
9.80895954083284316 54.5567588014925491 9999
9.81666158067354289 54.5567588014925491 9999
9.82436362051424439 54.5567588014925491 9999
9.83206566035494411 54.5567588014925491 9999
9.83976770019564384 54.5567588014925491 9999
9.84746974003634357 54.5567588014925491 9999
9.85517177987704329 54.5567588014925491 9999
9.86287381971774302 54.5567588014925491 9999
9.87057585955844452 54.5567588014925491 9999
9.87827789939914425 54.5567588014925491 9999
9.88597993923984397 54.5567588014925491 9999
9.8936819790805437 54.5567588014925491 9999
9.90138401892124342 54.5567588014925491 9999
9.90908605876194493 54.5567588014925491 9999
9.91678809860264465 54.5567588014925491 9999
9.92449013844334438 54.5567588014925491 9999
9.9321921782840441 54.5567588014925491 9999
9.93989421812474383 54.5567588014925491 9999
9.94759625796544356 54.5567588014925491 9999
9.95529829780614506 54.5567588014925491 9999
9.96300033764684478 54.5567588014925491 9999
9.97070237748754451 54.5567588014925491 9999
9.97840441732824424 54.5567588014925491 9999
9.98610645716894396 54.5567588014925491 9999
9.99380849700964546 54.5567588014925491 9999
10.0015105368503452 54.5567588014925491 9999
10.0092125766910449 54.5567588014925491 9999
10.0169146165317446 54.5567588014925491 9999
10.0246166563724444 54.5567588014925491 -5.22499990463256836
10.0323186962131441 54.5567588014925491 -8.39999961853027344
10.0400207360538456 54.5567588014925491 -10.2999992370605469
10.0477227758945453 54.5567588014925491 -11.5000009536743164
10.055424815735245 54.5567588014925491 -12.6999998092651367
10.0631268555759448 54.5567588014925491 -14.9250001907348633
10.0708288954166445 54.5567588014925491 -16.9333343505859375
10.078530935257346 54.5567588014925491 -17.8499984741210938
10.0862329750980457 54.5567588014925491 -24.5499992370605469
10.0939350149387455 54.5567588014925491 -27.75
10.1016370547794452 54.5567588014925491 -26.3999996185302734
10.1093390946201449 54.5567588014925491 -23.75
10.1170411344608446 54.5567588014925491 -22.6500015258789062
10.1247431743015461 54.5567588014925491 -22.1000003814697266
10.1324452141422459 54.5567588014925491 -21.6000003814697266
10.1401472539829456 54.5567588014925491 -21.3999996185302734
10.1478492938236453 54.5567588014925491 -21.2999992370605469
10.155551333664345 54.5567588014925491 -21
10.1632533735050465 54.5567588014925491 -20.7000007629394531
10.1709554133457463 54.5567588014925491 -20.4499988555908203
10.178657453186446 54.5567588014925491 -20.1500015258789062
10.1863594930271457 54.5567588014925491 -20
10.1940615328678454 54.5567588014925491 -19.7000007629394531
10.2017635727085452 54.5567588014925491 -19.5
10.2094656125492467 54.5567588014925491 -19.2999992370605469
9.73964118226654385 54.5522665793790793 9999
9.74734322210724358 54.5522665793790793 9999
9.7550452619479433 54.5522665793790793 9999
9.76274730178864303 54.5522665793790793 9999
9.77044934162934275 54.5522665793790793 9999
9.77815138147004248 54.5522665793790793 9999
9.78585342131074398 54.5522665793790793 9999
9.79355546115144371 54.5522665793790793 9999
9.80125750099214343 54.5522665793790793 9999
9.80895954083284316 54.5522665793790793 9999
9.81666158067354289 54.5522665793790793 9999
9.82436362051424439 54.5522665793790793 9999
9.83206566035494411 54.5522665793790793 9999
9.83976770019564384 54.5522665793790793 9999
9.84746974003634357 54.5522665793790793 9999
9.85517177987704329 54.5522665793790793 9999
9.86287381971774302 54.5522665793790793 9999
9.87057585955844452 54.5522665793790793 9999
9.87827789939914425 54.5522665793790793 9999
9.88597993923984397 54.5522665793790793 9999
9.8936819790805437 54.5522665793790793 9999
9.90138401892124342 54.5522665793790793 9999
9.90908605876194493 54.5522665793790793 9999
9.91678809860264465 54.5522665793790793 9999
9.92449013844334438 54.5522665793790793 9999
9.9321921782840441 54.5522665793790793 9999
9.93989421812474383 54.5522665793790793 9999
9.94759625796544356 54.5522665793790793 9999
9.95529829780614506 54.5522665793790793 9999
9.96300033764684478 54.5522665793790793 9999
9.97070237748754451 54.5522665793790793 9999
9.97840441732824424 54.5522665793790793 9999
9.98610645716894396 54.5522665793790793 9999
9.99380849700964546 54.5522665793790793 9999
10.0015105368503452 54.5522665793790793 9999
10.0092125766910449 54.5522665793790793 9999
10.0169146165317446 54.5522665793790793 9999
10.0246166563724444 54.5522665793790793 -5.11666584014892578
10.0323186962131441 54.5522665793790793 -7.60000085830688477
10.0400207360538456 54.5522665793790793 -10.8000001907348633
10.0477227758945453 54.5522665793790793 -12.5000009536743164
10.055424815735245 54.5522665793790793 -15.25
10.0631268555759448 54.5522665793790793 -18.7000007629394531
10.0708288954166445 54.5522665793790793 -17.8999996185302734
10.078530935257346 54.5522665793790793 -21.25
10.0862329750980457 54.5522665793790793 -25.4499988555908203
10.0939350149387455 54.5522665793790793 -28
10.1016370547794452 54.5522665793790793 -25.8000011444091797
10.1093390946201449 54.5522665793790793 -23.6000003814697266
10.1170411344608446 54.5522665793790793 -22.7000007629394531
10.1247431743015461 54.5522665793790793 -22.0500011444091797
10.1324452141422459 54.5522665793790793 -21.6000003814697266
10.1401472539829456 54.5522665793790793 -21.2999992370605469
10.1478492938236453 54.5522665793790793 -21
10.155551333664345 54.5522665793790793 -20.7000007629394531
10.1632533735050465 54.5522665793790793 -20.3999996185302734
10.1709554133457463 54.5522665793790793 -20.1500015258789062
10.178657453186446 54.5522665793790793 -19.7999992370605469
10.1863594930271457 54.5522665793790793 -19.7000007629394531
10.1940615328678454 54.5522665793790793 -19.5
10.2017635727085452 54.5522665793790793 -19.2999992370605469
10.2094656125492467 54.5522665793790793 -19.2000007629394531
9.73964118226654385 54.5477743572656024 9999
9.74734322210724358 54.5477743572656024 9999
9.7550452619479433 54.5477743572656024 9999
9.76274730178864303 54.5477743572656024 9999
9.77044934162934275 54.5477743572656024 9999
9.77815138147004248 54.5477743572656024 9999
9.78585342131074398 54.5477743572656024 9999
9.79355546115144371 54.5477743572656024 9999
9.80125750099214343 54.5477743572656024 9999
9.80895954083284316 54.5477743572656024 9999
9.81666158067354289 54.5477743572656024 9999
9.82436362051424439 54.5477743572656024 9999
9.83206566035494411 54.5477743572656024 9999
9.83976770019564384 54.5477743572656024 9999
9.84746974003634357 54.5477743572656024 9999
9.85517177987704329 54.5477743572656024 9999
9.86287381971774302 54.5477743572656024 9999
9.87057585955844452 54.5477743572656024 9999
9.87827789939914425 54.5477743572656024 9999
9.88597993923984397 54.5477743572656024 9999
9.8936819790805437 54.5477743572656024 9999
9.90138401892124342 54.5477743572656024 9999
9.90908605876194493 54.5477743572656024 9999
9.91678809860264465 54.5477743572656024 9999
9.92449013844334438 54.5477743572656024 9999
9.9321921782840441 54.5477743572656024 9999
9.93989421812474383 54.5477743572656024 9999
9.94759625796544356 54.5477743572656024 9999
9.95529829780614506 54.5477743572656024 9999
9.96300033764684478 54.5477743572656024 9999
9.97070237748754451 54.5477743572656024 9999
9.97840441732824424 54.5477743572656024 9999
9.98610645716894396 54.5477743572656024 9999
9.99380849700964546 54.5477743572656024 9999
10.0015105368503452 54.5477743572656024 9999
10.0092125766910449 54.5477743572656024 9999
10.0169146165317446 54.5477743572656024 9999
10.0246166563724444 54.5477743572656024 -4.13333415985107422
10.0323186962131441 54.5477743572656024 -7.60000181198120117
10.0400207360538456 54.5477743572656024 -11.8000001907348633
10.0477227758945453 54.5477743572656024 -17.8999996185302734
10.055424815735245 54.5477743572656024 -20.5
10.0631268555759448 54.5477743572656024 -20.5
10.0708288954166445 54.5477743572656024 -19.7999992370605469
10.078530935257346 54.5477743572656024 -25.8500003814697266
10.0862329750980457 54.5477743572656024 -27
10.0939350149387455 54.5477743572656024 -27.7000007629394531
10.1016370547794452 54.5477743572656024 -24.7000007629394531
10.1093390946201449 54.5477743572656024 -23.25
10.1170411344608446 54.5477743572656024 -22.3999996185302734
10.1247431743015461 54.5477743572656024 -21.8499984741210938
10.1324452141422459 54.5477743572656024 -21.4416675567626953
10.1401472539829456 54.5477743572656024 -21.0833320617675781
10.1478492938236453 54.5477743572656024 -20.6500015258789062
10.155551333664345 54.5477743572656024 -20.2999992370605469
10.1632533735050465 54.5477743572656024 -19.8499984741210938
10.1709554133457463 54.5477743572656024 -19.5
10.178657453186446 54.5477743572656024 -19
10.1863594930271457 54.5477743572656024 -18.3499984741210938
10.1940615328678454 54.5477743572656024 -17.8666667938232422
10.2017635727085452 54.5477743572656024 -18.1000003814697266
10.2094656125492467 54.5477743572656024 -18.3499984741210938
9.73964118226654385 54.5432821351521326 9999
9.74734322210724358 54.5432821351521326 9999
9.7550452619479433 54.5432821351521326 9999
9.76274730178864303 54.5432821351521326 9999
9.77044934162934275 54.5432821351521326 9999
9.77815138147004248 54.5432821351521326 9999
9.78585342131074398 54.5432821351521326 9999
9.79355546115144371 54.5432821351521326 9999
9.80125750099214343 54.5432821351521326 9999
9.80895954083284316 54.5432821351521326 9999
9.81666158067354289 54.5432821351521326 9999
9.82436362051424439 54.5432821351521326 9999
9.83206566035494411 54.5432821351521326 9999
9.83976770019564384 54.5432821351521326 9999
9.84746974003634357 54.5432821351521326 9999
9.85517177987704329 54.5432821351521326 9999
9.86287381971774302 54.5432821351521326 9999
9.87057585955844452 54.5432821351521326 9999
9.87827789939914425 54.5432821351521326 9999
9.88597993923984397 54.5432821351521326 9999
9.8936819790805437 54.5432821351521326 9999
9.90138401892124342 54.5432821351521326 9999
9.90908605876194493 54.5432821351521326 9999
9.91678809860264465 54.5432821351521326 9999
9.92449013844334438 54.5432821351521326 9999
9.9321921782840441 54.5432821351521326 9999
9.93989421812474383 54.5432821351521326 9999
9.94759625796544356 54.5432821351521326 9999
9.95529829780614506 54.5432821351521326 9999
9.96300033764684478 54.5432821351521326 9999
9.97070237748754451 54.5432821351521326 9999
9.97840441732824424 54.5432821351521326 9999
9.98610645716894396 54.5432821351521326 9999
9.99380849700964546 54.5432821351521326 9999
10.0015105368503452 54.5432821351521326 9999
10.0092125766910449 54.5432821351521326 9999
10.0169146165317446 54.5432821351521326 -3.05000114440917969
10.0246166563724444 54.5432821351521326 -5.5000004768371582
10.0323186962131441 54.5432821351521326 -8.30000019073486328
10.0400207360538456 54.5432821351521326 -14.2999992370605469
10.0477227758945453 54.5432821351521326 -19
10.055424815735245 54.5432821351521326 -23.1000003814697266
10.0631268555759448 54.5432821351521326 -24.1000003814697266
10.0708288954166445 54.5432821351521326 -25.6499996185302734
10.078530935257346 54.5432821351521326 -26.2999992370605469
10.0862329750980457 54.5432821351521326 -27.25
10.0939350149387455 54.5432821351521326 -26.6166648864746094
10.1016370547794452 54.5432821351521326 -24.0499992370605469
10.1093390946201449 54.5432821351521326 -22.8999996185302734
10.1170411344608446 54.5432821351521326 -22.2749996185302734
10.1247431743015461 54.5432821351521326 -21.7000007629394531
10.1324452141422459 54.5432821351521326 -21.25
10.1401472539829456 54.5432821351521326 -20.7999992370605469
10.1478492938236453 54.5432821351521326 -20.2999992370605469
10.155551333664345 54.5432821351521326 -19.8999996185302734
10.1632533735050465 54.5432821351521326 -19.5
10.1709554133457463 54.5432821351521326 -18.8999996185302734
10.178657453186446 54.5432821351521326 -17.3499984741210938
10.1863594930271457 54.5432821351521326 -15.9000005722045898
10.1940615328678454 54.5432821351521326 -15.1000022888183594
10.2017635727085452 54.5432821351521326 -15.9083337783813477
10.2094656125492467 54.5432821351521326 -16.9500007629394531
9.73964118226654385 54.5387899130386629 9999
9.74734322210724358 54.5387899130386629 9999
9.7550452619479433 54.5387899130386629 9999
9.76274730178864303 54.5387899130386629 9999
9.77044934162934275 54.5387899130386629 9999
9.77815138147004248 54.5387899130386629 9999
9.78585342131074398 54.5387899130386629 9999
9.79355546115144371 54.5387899130386629 9999
9.80125750099214343 54.5387899130386629 9999
9.80895954083284316 54.5387899130386629 9999
9.81666158067354289 54.5387899130386629 9999
9.82436362051424439 54.5387899130386629 9999
9.83206566035494411 54.5387899130386629 9999
9.83976770019564384 54.5387899130386629 9999
9.84746974003634357 54.5387899130386629 9999
9.85517177987704329 54.5387899130386629 9999
9.86287381971774302 54.5387899130386629 9999
9.87057585955844452 54.5387899130386629 9999
9.87827789939914425 54.5387899130386629 9999
9.88597993923984397 54.5387899130386629 9999
9.8936819790805437 54.5387899130386629 9999
9.90138401892124342 54.5387899130386629 9999
9.90908605876194493 54.5387899130386629 9999
9.91678809860264465 54.5387899130386629 9999
9.92449013844334438 54.5387899130386629 9999
9.9321921782840441 54.5387899130386629 9999
9.93989421812474383 54.5387899130386629 9999
9.94759625796544356 54.5387899130386629 9999
9.95529829780614506 54.5387899130386629 9999
9.96300033764684478 54.5387899130386629 9999
9.97070237748754451 54.5387899130386629 9999
9.97840441732824424 54.5387899130386629 9999
9.98610645716894396 54.5387899130386629 9999
9.99380849700964546 54.5387899130386629 9999
10.0015105368503452 54.5387899130386629 9999
10.0092125766910449 54.5387899130386629 -3.07500100135803223
10.0169146165317446 54.5387899130386629 -5.29999971389770508
10.0246166563724444 54.5387899130386629 -7.69999933242797852
10.0323186962131441 54.5387899130386629 -8.94999980926513672
10.0400207360538456 54.5387899130386629 -13.8000011444091797
10.0477227758945453 54.5387899130386629 -18.0000019073486328
10.055424815735245 54.5387899130386629 -24.5
10.0631268555759448 54.5387899130386629 -25.6000003814697266
10.0708288954166445 54.5387899130386629 -26.2999992370605469
10.078530935257346 54.5387899130386629 -26.8999996185302734
10.0862329750980457 54.5387899130386629 -26.9333324432373047
10.0939350149387455 54.5387899130386629 -24.7250003814697266
10.1016370547794452 54.5387899130386629 -23.2583332061767578
10.1093390946201449 54.5387899130386629 -22.5
10.1170411344608446 54.5387899130386629 -21.9500007629394531
10.1247431743015461 54.5387899130386629 -21.3999996185302734
10.1324452141422459 54.5387899130386629 -20.8999996185302734
10.1401472539829456 54.5387899130386629 -20.3999996185302734
10.1478492938236453 54.5387899130386629 -19.7999992370605469
10.155551333664345 54.5387899130386629 -19.2999992370605469
10.1632533735050465 54.5387899130386629 -18.7000007629394531
10.1709554133457463 54.5387899130386629 -16.375
10.178657453186446 54.5387899130386629 -13.4500017166137695
10.1863594930271457 54.5387899130386629 -12.25
10.1940615328678454 54.5387899130386629 -12.1000022888183594
10.2017635727085452 54.5387899130386629 -12.3000001907348633
10.2094656125492467 54.5387899130386629 -13.5000009536743164
9.73964118226654385 54.534297690925186 9999
9.74734322210724358 54.534297690925186 9999
9.7550452619479433 54.534297690925186 9999
9.76274730178864303 54.534297690925186 9999
9.77044934162934275 54.534297690925186 9999
9.77815138147004248 54.534297690925186 9999
9.78585342131074398 54.534297690925186 9999
9.79355546115144371 54.534297690925186 9999
9.80125750099214343 54.534297690925186 9999
9.80895954083284316 54.534297690925186 9999
9.81666158067354289 54.534297690925186 9999
9.82436362051424439 54.534297690925186 9999
9.83206566035494411 54.534297690925186 9999
9.83976770019564384 54.534297690925186 9999
9.84746974003634357 54.534297690925186 9999
9.85517177987704329 54.534297690925186 9999
9.86287381971774302 54.534297690925186 9999
9.87057585955844452 54.534297690925186 9999
9.87827789939914425 54.534297690925186 9999
9.88597993923984397 54.534297690925186 9999
9.8936819790805437 54.534297690925186 9999
9.90138401892124342 54.534297690925186 9999
9.90908605876194493 54.534297690925186 9999
9.91678809860264465 54.534297690925186 9999
9.92449013844334438 54.534297690925186 9999
9.9321921782840441 54.534297690925186 9999
9.93989421812474383 54.534297690925186 9999
9.94759625796544356 54.534297690925186 9999
9.95529829780614506 54.534297690925186 9999
9.96300033764684478 54.534297690925186 9999
9.97070237748754451 54.534297690925186 9999
9.97840441732824424 54.534297690925186 9999
9.98610645716894396 54.534297690925186 9999
9.99380849700964546 54.534297690925186 9999
10.0015105368503452 54.534297690925186 9999
10.0092125766910449 54.534297690925186 -3.77499866485595703
10.0169146165317446 54.534297690925186 -6.89999866485595703
10.0246166563724444 54.534297690925186 -9.55000019073486328
10.0323186962131441 54.534297690925186 -11.7000007629394531
10.0400207360538456 54.534297690925186 -13.4000015258789062
10.0477227758945453 54.534297690925186 -24.7999992370605469
10.055424815735245 54.534297690925186 -26.7999973297119141
10.0631268555759448 54.534297690925186 -26.7999992370605469
10.0708288954166445 54.534297690925186 -27
10.078530935257346 54.534297690925186 -26.8166656494140625
10.0862329750980457 54.534297690925186 -25
10.0939350149387455 54.534297690925186 -23.4166679382324219
10.1016370547794452 54.534297690925186 -22.5499992370605469
10.1093390946201449 54.534297690925186 -22
10.1170411344608446 54.534297690925186 -21.5291652679443359
10.1247431743015461 54.534297690925186 -21.1000003814697266
10.1324452141422459 54.534297690925186 -20.5499992370605469
10.1401472539829456 54.534297690925186 -19.9500007629394531
10.1478492938236453 54.534297690925186 -19.3500003814697266
10.155551333664345 54.534297690925186 -18.7000007629394531
10.1632533735050465 54.534297690925186 -16.7749996185302734
10.1709554133457463 54.534297690925186 -10.3000011444091797
10.178657453186446 54.534297690925186 -10.1000003814697266
10.1863594930271457 54.534297690925186 -9.70000076293945312
10.1940615328678454 54.534297690925186 -9.80000114440917969
10.2017635727085452 54.534297690925186 -10.3000011444091797
10.2094656125492467 54.534297690925186 -11.1774988174438477
9.73964118226654385 54.5298054688117162 9999
9.74734322210724358 54.5298054688117162 9999
9.7550452619479433 54.5298054688117162 9999
9.76274730178864303 54.5298054688117162 9999
9.77044934162934275 54.5298054688117162 9999
9.77815138147004248 54.5298054688117162 9999
9.78585342131074398 54.5298054688117162 9999
9.79355546115144371 54.5298054688117162 9999
9.80125750099214343 54.5298054688117162 9999
9.80895954083284316 54.5298054688117162 9999
9.81666158067354289 54.5298054688117162 9999
9.82436362051424439 54.5298054688117162 9999
9.83206566035494411 54.5298054688117162 9999
9.83976770019564384 54.5298054688117162 9999
9.84746974003634357 54.5298054688117162 9999
9.85517177987704329 54.5298054688117162 9999
9.86287381971774302 54.5298054688117162 9999
9.87057585955844452 54.5298054688117162 9999
9.87827789939914425 54.5298054688117162 9999
9.88597993923984397 54.5298054688117162 9999
9.8936819790805437 54.5298054688117162 9999
9.90138401892124342 54.5298054688117162 9999
9.90908605876194493 54.5298054688117162 9999
9.91678809860264465 54.5298054688117162 9999
9.92449013844334438 54.5298054688117162 9999
9.9321921782840441 54.5298054688117162 9999
9.93989421812474383 54.5298054688117162 9999
9.94759625796544356 54.5298054688117162 9999
9.95529829780614506 54.5298054688117162 9999
9.96300033764684478 54.5298054688117162 9999
9.97070237748754451 54.5298054688117162 9999
9.97840441732824424 54.5298054688117162 9999
9.98610645716894396 54.5298054688117162 9999
9.99380849700964546 54.5298054688117162 9999
10.0015105368503452 54.5298054688117162 9999
10.0092125766910449 54.5298054688117162 -5.85000038146972656
10.0169146165317446 54.5298054688117162 -7.65000104904174805
10.0246166563724444 54.5298054688117162 -11.0000009536743164
10.0323186962131441 54.5298054688117162 -19.1500015258789062
10.0400207360538456 54.5298054688117162 -26.8499965667724609
10.0477227758945453 54.5298054688117162 -27.8999996185302734
10.055424815735245 54.5298054688117162 -27.2000007629394531
10.0631268555759448 54.5298054688117162 -27
10.0708288954166445 54.5298054688117162 -26.7250003814697266
10.078530935257346 54.5298054688117162 -25.0999984741210938
10.0862329750980457 54.5298054688117162 -23.5499992370605469
10.0939350149387455 54.5298054688117162 -22.6000003814697266
10.1016370547794452 54.5298054688117162 -22
10.1093390946201449 54.5298054688117162 -21.7000007629394531
10.1170411344608446 54.5298054688117162 -21.2000007629394531
10.1247431743015461 54.5298054688117162 -20.7000007629394531
10.1324452141422459 54.5298054688117162 -20.0666656494140625
10.1401472539829456 54.5298054688117162 -19.4333343505859375
10.1478492938236453 54.5298054688117162 -18.7666664123535156
10.155551333664345 54.5298054688117162 -17.8999996185302734
10.1632533735050465 54.5298054688117162 -11.7999992370605469
10.1709554133457463 54.5298054688117162 -8.58333492279052734
10.178657453186446 54.5298054688117162 -8.60000038146972656
10.1863594930271457 54.5298054688117162 -8.70000076293945312
10.1940615328678454 54.5298054688117162 -8.91250038146972656
10.2017635727085452 54.5298054688117162 -9.44999980926513672
10.2094656125492467 54.5298054688117162 -10.266667366027832
9.73964118226654385 54.5253132466982393 9999
9.74734322210724358 54.5253132466982393 9999
9.7550452619479433 54.5253132466982393 9999
9.76274730178864303 54.5253132466982393 9999
9.77044934162934275 54.5253132466982393 9999
9.77815138147004248 54.5253132466982393 9999
9.78585342131074398 54.5253132466982393 9999
9.79355546115144371 54.5253132466982393 9999
9.80125750099214343 54.5253132466982393 9999
9.80895954083284316 54.5253132466982393 9999
9.81666158067354289 54.5253132466982393 9999
9.82436362051424439 54.5253132466982393 9999
9.83206566035494411 54.5253132466982393 9999
9.83976770019564384 54.5253132466982393 9999
9.84746974003634357 54.5253132466982393 9999
9.85517177987704329 54.5253132466982393 9999
9.86287381971774302 54.5253132466982393 9999
9.87057585955844452 54.5253132466982393 9999
9.87827789939914425 54.5253132466982393 9999
9.88597993923984397 54.5253132466982393 9999
9.8936819790805437 54.5253132466982393 9999
9.90138401892124342 54.5253132466982393 9999
9.90908605876194493 54.5253132466982393 9999
9.91678809860264465 54.5253132466982393 9999
9.92449013844334438 54.5253132466982393 9999
9.9321921782840441 54.5253132466982393 9999
9.93989421812474383 54.5253132466982393 9999
9.94759625796544356 54.5253132466982393 9999
9.95529829780614506 54.5253132466982393 9999
9.96300033764684478 54.5253132466982393 9999
9.97070237748754451 54.5253132466982393 9999
9.97840441732824424 54.5253132466982393 9999
9.98610645716894396 54.5253132466982393 9999
9.99380849700964546 54.5253132466982393 9999
10.0015105368503452 54.5253132466982393 -4.26666831970214844
10.0092125766910449 54.5253132466982393 -7.00000095367431641
10.0169146165317446 54.5253132466982393 -9.27500057220458984
10.0246166563724444 54.5253132466982393 -23.6000003814697266
10.0323186962131441 54.5253132466982393 -28
10.0400207360538456 54.5253132466982393 -28.3999996185302734
10.0477227758945453 54.5253132466982393 -27.7999992370605469
10.055424815735245 54.5253132466982393 -27.2999992370605469
10.0631268555759448 54.5253132466982393 -26.3999996185302734
10.0708288954166445 54.5253132466982393 -25.1000003814697266
10.078530935257346 54.5253132466982393 -23.7999992370605469
10.0862329750980457 54.5253132466982393 -22.6500015258789062
10.0939350149387455 54.5253132466982393 -21.8999996185302734
10.1016370547794452 54.5253132466982393 -21.6500015258789062
10.1093390946201449 54.5253132466982393 -21.3999996185302734
10.1170411344608446 54.5253132466982393 -20.6583328247070312
10.1247431743015461 54.5253132466982393 -20.1000003814697266
10.1324452141422459 54.5253132466982393 -19.5499992370605469
10.1401472539829456 54.5253132466982393 -18.8583335876464844
10.1478492938236453 54.5253132466982393 -18.0799999237060547
10.155551333664345 54.5253132466982393 -16.8333339691162109
10.1632533735050465 54.5253132466982393 -9.76666831970214844
10.1709554133457463 54.5253132466982393 -7.60000324249267578
10.178657453186446 54.5253132466982393 -7.44999933242797852
10.1863594930271457 54.5253132466982393 -7.54166746139526367
10.1940615328678454 54.5253132466982393 -8.10000038146972656
10.2017635727085452 54.5253132466982393 -8.44999980926513672
10.2094656125492467 54.5253132466982393 -9.18333339691162109
9.73964118226654385 54.5208210245847695 9999
9.74734322210724358 54.5208210245847695 9999
9.7550452619479433 54.5208210245847695 9999
9.76274730178864303 54.5208210245847695 9999
9.77044934162934275 54.5208210245847695 9999
9.77815138147004248 54.5208210245847695 9999
9.78585342131074398 54.5208210245847695 9999
9.79355546115144371 54.5208210245847695 9999
9.80125750099214343 54.5208210245847695 9999
9.80895954083284316 54.5208210245847695 9999
9.81666158067354289 54.5208210245847695 9999
9.82436362051424439 54.5208210245847695 9999
9.83206566035494411 54.5208210245847695 9999
9.83976770019564384 54.5208210245847695 9999
9.84746974003634357 54.5208210245847695 9999
9.85517177987704329 54.5208210245847695 9999
9.86287381971774302 54.5208210245847695 9999
9.87057585955844452 54.5208210245847695 9999
9.87827789939914425 54.5208210245847695 9999
9.88597993923984397 54.5208210245847695 9999
9.8936819790805437 54.5208210245847695 9999
9.90138401892124342 54.5208210245847695 9999
9.90908605876194493 54.5208210245847695 9999
9.91678809860264465 54.5208210245847695 9999
9.92449013844334438 54.5208210245847695 9999
9.9321921782840441 54.5208210245847695 9999
9.93989421812474383 54.5208210245847695 9999
9.94759625796544356 54.5208210245847695 9999
9.95529829780614506 54.5208210245847695 9999
9.96300033764684478 54.5208210245847695 9999
9.97070237748754451 54.5208210245847695 9999
9.97840441732824424 54.5208210245847695 9999
9.98610645716894396 54.5208210245847695 9999
9.99380849700964546 54.5208210245847695 9999
10.0015105368503452 54.5208210245847695 -4.55000066757202148
10.0092125766910449 54.5208210245847695 -9.10000038146972656
10.0169146165317446 54.5208210245847695 -26.5
10.0246166563724444 54.5208210245847695 -28.6500015258789062
10.0323186962131441 54.5208210245847695 -28.5
10.0400207360538456 54.5208210245847695 -28.1000022888183594
10.0477227758945453 54.5208210245847695 -27.2250003814697266
10.055424815735245 54.5208210245847695 -26.2999973297119141
10.0631268555759448 54.5208210245847695 -25.3999996185302734
10.0708288954166445 54.5208210245847695 -23.8999996185302734
10.078530935257346 54.5208210245847695 -20.4500007629394531
10.0862329750980457 54.5208210245847695 -18.0249996185302734
10.0939350149387455 54.5208210245847695 -18.5499992370605469
10.1016370547794452 54.5208210245847695 -20.5
10.1093390946201449 54.5208210245847695 -20.6333332061767578
10.1170411344608446 54.5208210245847695 -19.3999996185302734
10.1247431743015461 54.5208210245847695 -18.3833332061767578
10.1324452141422459 54.5208210245847695 -17.5
10.1401472539829456 54.5208210245847695 -17.6500015258789062
10.1478492938236453 54.5208210245847695 -17.0499992370605469
10.155551333664345 54.5208210245847695 -15.6000003814697266
10.1632533735050465 54.5208210245847695 -8.47499847412109375
10.1709554133457463 54.5208210245847695 -7.2500004768371582
10.178657453186446 54.5208210245847695 -7.5
10.1863594930271457 54.5208210245847695 -7.82500171661376953
10.1940615328678454 54.5208210245847695 -8.75
10.2017635727085452 54.5208210245847695 -8.40000057220458984
10.2094656125492467 54.5208210245847695 -8.70000076293945312
9.73964118226654385 54.5163288024712926 9999
9.74734322210724358 54.5163288024712926 9999
9.7550452619479433 54.5163288024712926 9999
9.76274730178864303 54.5163288024712926 9999
9.77044934162934275 54.5163288024712926 9999
9.77815138147004248 54.5163288024712926 9999
9.78585342131074398 54.5163288024712926 9999
9.79355546115144371 54.5163288024712926 9999
9.80125750099214343 54.5163288024712926 9999
9.80895954083284316 54.5163288024712926 9999
9.81666158067354289 54.5163288024712926 9999
9.82436362051424439 54.5163288024712926 9999
9.83206566035494411 54.5163288024712926 9999
9.83976770019564384 54.5163288024712926 9999
9.84746974003634357 54.5163288024712926 9999
9.85517177987704329 54.5163288024712926 9999
9.86287381971774302 54.5163288024712926 9999
9.87057585955844452 54.5163288024712926 9999
9.87827789939914425 54.5163288024712926 9999
9.88597993923984397 54.5163288024712926 9999
9.8936819790805437 54.5163288024712926 9999
9.90138401892124342 54.5163288024712926 9999
9.90908605876194493 54.5163288024712926 9999
9.91678809860264465 54.5163288024712926 9999
9.92449013844334438 54.5163288024712926 9999
9.9321921782840441 54.5163288024712926 9999
9.93989421812474383 54.5163288024712926 9999
9.94759625796544356 54.5163288024712926 9999
9.95529829780614506 54.5163288024712926 9999
9.96300033764684478 54.5163288024712926 9999
9.97070237748754451 54.5163288024712926 9999
9.97840441732824424 54.5163288024712926 9999
9.98610645716894396 54.5163288024712926 9999
9.99380849700964546 54.5163288024712926 -4.30000209808349609
10.0015105368503452 54.5163288024712926 -11.1750001907348633
10.0092125766910449 54.5163288024712926 -27.1750011444091797
10.0169146165317446 54.5163288024712926 -28.7000007629394531
10.0246166563724444 54.5163288024712926 -28.3999996185302734
10.0323186962131441 54.5163288024712926 -28.1000003814697266
10.0400207360538456 54.5163288024712926 -26.6499996185302734
10.0477227758945453 54.5163288024712926 -25.2000007629394531
10.055424815735245 54.5163288024712926 -19.8000030517578125
10.0631268555759448 54.5163288024712926 -16.1000003814697266
10.0708288954166445 54.5163288024712926 -15.0499992370605469
10.078530935257346 54.5163288024712926 -14.649998664855957
10.0862329750980457 54.5163288024712926 -15.3000011444091797
10.0939350149387455 54.5163288024712926 -18.0583343505859375
10.1016370547794452 54.5163288024712926 -19.2000007629394531
10.1093390946201449 54.5163288024712926 -19.5499992370605469
10.1170411344608446 54.5163288024712926 -18.2999992370605469
10.1247431743015461 54.5163288024712926 -16.2999992370605469
10.1324452141422459 54.5163288024712926 -11.6750011444091797
10.1401472539829456 54.5163288024712926 -10.7166671752929688
10.1478492938236453 54.5163288024712926 -11.9600009918212891
10.155551333664345 54.5163288024712926 -12.7583351135253906
10.1632533735050465 54.5163288024712926 -10.2333345413208008
10.1709554133457463 54.5163288024712926 -7.50000095367431641
10.178657453186446 54.5163288024712926 -7.70000028610229492
10.1863594930271457 54.5163288024712926 -7.79999971389770508
10.1940615328678454 54.5163288024712926 -8.02499961853027344
10.2017635727085452 54.5163288024712926 -8.25000095367431641
10.2094656125492467 54.5163288024712926 -8.40000057220458984
9.73964118226654385 54.5118365803578229 9999
9.74734322210724358 54.5118365803578229 9999
9.7550452619479433 54.5118365803578229 9999
9.76274730178864303 54.5118365803578229 9999
9.77044934162934275 54.5118365803578229 9999
9.77815138147004248 54.5118365803578229 9999
9.78585342131074398 54.5118365803578229 9999
9.79355546115144371 54.5118365803578229 9999
9.80125750099214343 54.5118365803578229 9999
9.80895954083284316 54.5118365803578229 9999
9.81666158067354289 54.5118365803578229 9999
9.82436362051424439 54.5118365803578229 9999
9.83206566035494411 54.5118365803578229 9999
9.83976770019564384 54.5118365803578229 9999
9.84746974003634357 54.5118365803578229 9999
9.85517177987704329 54.5118365803578229 9999
9.86287381971774302 54.5118365803578229 9999
9.87057585955844452 54.5118365803578229 9999
9.87827789939914425 54.5118365803578229 9999
9.88597993923984397 54.5118365803578229 9999
9.8936819790805437 54.5118365803578229 9999
9.90138401892124342 54.5118365803578229 9999
9.90908605876194493 54.5118365803578229 9999
9.91678809860264465 54.5118365803578229 9999
9.92449013844334438 54.5118365803578229 9999
9.9321921782840441 54.5118365803578229 9999
9.93989421812474383 54.5118365803578229 9999
9.94759625796544356 54.5118365803578229 9999
9.95529829780614506 54.5118365803578229 9999
9.96300033764684478 54.5118365803578229 9999
9.97070237748754451 54.5118365803578229 9999
9.97840441732824424 54.5118365803578229 9999
9.98610645716894396 54.5118365803578229 -3.5000004768371582
9.99380849700964546 54.5118365803578229 -7.3750004768371582
10.0015105368503452 54.5118365803578229 -27.2000007629394531
10.0092125766910449 54.5118365803578229 -28.6000003814697266
10.0169146165317446 54.5118365803578229 -27.8999996185302734
10.0246166563724444 54.5118365803578229 -27.7999973297119141
10.0323186962131441 54.5118365803578229 -26.3499984741210938
10.0400207360538456 54.5118365803578229 -21.0499992370605469
10.0477227758945453 54.5118365803578229 -11.3999996185302734
10.055424815735245 54.5118365803578229 -10.8000001907348633
10.0631268555759448 54.5118365803578229 -11.100001335144043
10.0708288954166445 54.5118365803578229 -11.5000009536743164
10.078530935257346 54.5118365803578229 -13.1999998092651367
10.0862329750980457 54.5118365803578229 -15.7833347320556641
10.0939350149387455 54.5118365803578229 -19.75
10.1016370547794452 54.5118365803578229 -19.3999996185302734
10.1093390946201449 54.5118365803578229 -19.1500015258789062
10.1170411344608446 54.5118365803578229 -18.1666698455810547
10.1247431743015461 54.5118365803578229 -16.3833332061767578
10.1324452141422459 54.5118365803578229 -9.25
10.1401472539829456 54.5118365803578229 -9
10.1478492938236453 54.5118365803578229 -9.5
10.155551333664345 54.5118365803578229 -9.35833358764648438
10.1632533735050465 54.5118365803578229 -7.65000152587890625
10.1709554133457463 54.5118365803578229 -7.89999961853027344
10.178657453186446 54.5118365803578229 -7.95000028610229492
10.1863594930271457 54.5118365803578229 -8.20000171661376953
10.1940615328678454 54.5118365803578229 -8.39999866485595703
10.2017635727085452 54.5118365803578229 -9.10000133514404297
10.2094656125492467 54.5118365803578229 -9.30000114440917969
9.73964118226654385 54.507344358244346 9999
9.74734322210724358 54.507344358244346 9999
9.7550452619479433 54.507344358244346 9999
9.76274730178864303 54.507344358244346 9999
9.77044934162934275 54.507344358244346 9999
9.77815138147004248 54.507344358244346 9999
9.78585342131074398 54.507344358244346 9999
9.79355546115144371 54.507344358244346 9999
9.80125750099214343 54.507344358244346 9999
9.80895954083284316 54.507344358244346 9999
9.81666158067354289 54.507344358244346 9999
9.82436362051424439 54.507344358244346 9999
9.83206566035494411 54.507344358244346 9999
9.83976770019564384 54.507344358244346 9999
9.84746974003634357 54.507344358244346 9999
9.85517177987704329 54.507344358244346 9999
9.86287381971774302 54.507344358244346 9999
9.87057585955844452 54.507344358244346 9999
9.87827789939914425 54.507344358244346 9999
9.88597993923984397 54.507344358244346 9999
9.8936819790805437 54.507344358244346 9999
9.90138401892124342 54.507344358244346 9999
9.90908605876194493 54.507344358244346 9999
9.91678809860264465 54.507344358244346 9999
9.92449013844334438 54.507344358244346 9999
9.9321921782840441 54.507344358244346 9999
9.93989421812474383 54.507344358244346 9999
9.94759625796544356 54.507344358244346 9999
9.95529829780614506 54.507344358244346 9999
9.96300033764684478 54.507344358244346 9999
9.97070237748754451 54.507344358244346 9999
9.97840441732824424 54.507344358244346 -1.86666643619537354
9.98610645716894396 54.507344358244346 -5.90000104904174805
9.99380849700964546 54.507344358244346 -26.7000007629394531
10.0015105368503452 54.507344358244346 -28.6000003814697266
10.0092125766910449 54.507344358244346 -27.2000007629394531
10.0169146165317446 54.507344358244346 -27
10.0246166563724444 54.507344358244346 -25.6750011444091797
10.0323186962131441 54.507344358244346 -10.0750017166137695
10.0400207360538456 54.507344358244346 -8
10.0477227758945453 54.507344358244346 -7.9999995231628418
10.055424815735245 54.507344358244346 -9
10.0631268555759448 54.507344358244346 -10.1999998092651367
10.0708288954166445 54.507344358244346 -11.3000011444091797
10.078530935257346 54.507344358244346 -16.6000003814697266
10.0862329750980457 54.507344358244346 -20.6000003814697266
10.0939350149387455 54.507344358244346 -20
10.1016370547794452 54.507344358244346 -19.3833332061767578
10.1093390946201449 54.507344358244346 -18.9500007629394531
10.1170411344608446 54.507344358244346 -18.1833324432373047
10.1247431743015461 54.507344358244346 -16.0499992370605469
10.1324452141422459 54.507344358244346 -11.3166666030883789
10.1401472539829456 54.507344358244346 -9.55000114440917969
10.1478492938236453 54.507344358244346 -10.399998664855957
10.155551333664345 54.507344358244346 -9.80000019073486328
10.1632533735050465 54.507344358244346 -8.10000038146972656
10.1709554133457463 54.507344358244346 -8.07500076293945312
10.178657453186446 54.507344358244346 -8.30000114440917969
10.1863594930271457 54.507344358244346 -9.10000038146972656
10.1940615328678454 54.507344358244346 -9.19999885559082031
10.2017635727085452 54.507344358244346 -10.1999998092651367
10.2094656125492467 54.507344358244346 -10.1583337783813477
9.73964118226654385 54.5028521361308762 9999
9.74734322210724358 54.5028521361308762 9999
9.7550452619479433 54.5028521361308762 9999
9.76274730178864303 54.5028521361308762 9999
9.77044934162934275 54.5028521361308762 9999
9.77815138147004248 54.5028521361308762 9999
9.78585342131074398 54.5028521361308762 9999
9.79355546115144371 54.5028521361308762 9999
9.80125750099214343 54.5028521361308762 9999
9.80895954083284316 54.5028521361308762 9999
9.81666158067354289 54.5028521361308762 9999
9.82436362051424439 54.5028521361308762 9999
9.83206566035494411 54.5028521361308762 9999
9.83976770019564384 54.5028521361308762 9999
9.84746974003634357 54.5028521361308762 9999
9.85517177987704329 54.5028521361308762 9999
9.86287381971774302 54.5028521361308762 9999
9.87057585955844452 54.5028521361308762 9999
9.87827789939914425 54.5028521361308762 9999
9.88597993923984397 54.5028521361308762 9999
9.8936819790805437 54.5028521361308762 9999
9.90138401892124342 54.5028521361308762 9999
9.90908605876194493 54.5028521361308762 9999
9.91678809860264465 54.5028521361308762 9999
9.92449013844334438 54.5028521361308762 9999
9.9321921782840441 54.5028521361308762 9999
9.93989421812474383 54.5028521361308762 9999
9.94759625796544356 54.5028521361308762 9999
9.95529829780614506 54.5028521361308762 9999
9.96300033764684478 54.5028521361308762 9999
9.97070237748754451 54.5028521361308762 -1.64999985694885254
9.97840441732824424 54.5028521361308762 -19.0500011444091797
9.98610645716894396 54.5028521361308762 -25.8499984741210938
9.99380849700964546 54.5028521361308762 -27.7000007629394531
10.0015105368503452 54.5028521361308762 -26.7000007629394531
10.0092125766910449 54.5028521361308762 -26.0499992370605469
10.0169146165317446 54.5028521361308762 -25.4500007629394531
10.0246166563724444 54.5028521361308762 -21.2999992370605469
10.0323186962131441 54.5028521361308762 -11.5500001907348633
10.0400207360538456 54.5028521361308762 -9.34999942779541016
10.0477227758945453 54.5028521361308762 -9.85000038146972656
10.055424815735245 54.5028521361308762 -9.19999980926513672
10.0631268555759448 54.5028521361308762 -11.5250005722045898
10.0708288954166445 54.5028521361308762 -21.1000003814697266
10.078530935257346 54.5028521361308762 -21.5499992370605469
10.0862329750980457 54.5028521361308762 -20.6000003814697266
10.0939350149387455 54.5028521361308762 -19.8999996185302734
10.1016370547794452 54.5028521361308762 -19.3333320617675781
10.1093390946201449 54.5028521361308762 -19
10.1170411344608446 54.5028521361308762 -19.2999992370605469
10.1247431743015461 54.5028521361308762 -17.2999992370605469
10.1324452141422459 54.5028521361308762 -12.7833347320556641
10.1401472539829456 54.5028521361308762 -10.0666675567626953
10.1478492938236453 54.5028521361308762 -10.9500007629394531
10.155551333664345 54.5028521361308762 -12.1499996185302734
10.1632533735050465 54.5028521361308762 -10.3500003814697266
10.1709554133457463 54.5028521361308762 -9.30000019073486328
10.178657453186446 54.5028521361308762 -9.97500038146972656
10.1863594930271457 54.5028521361308762 -11.1500005722045898
10.1940615328678454 54.5028521361308762 -12.5999994277954102
10.2017635727085452 54.5028521361308762 -14.350001335144043
10.2094656125492467 54.5028521361308762 -13
9.73964118226654385 54.4983599140173993 9999
9.74734322210724358 54.4983599140173993 9999
9.7550452619479433 54.4983599140173993 9999
9.76274730178864303 54.4983599140173993 9999
9.77044934162934275 54.4983599140173993 9999
9.77815138147004248 54.4983599140173993 9999
9.78585342131074398 54.4983599140173993 9999
9.79355546115144371 54.4983599140173993 9999
9.80125750099214343 54.4983599140173993 9999
9.80895954083284316 54.4983599140173993 9999
9.81666158067354289 54.4983599140173993 9999
9.82436362051424439 54.4983599140173993 9999
9.83206566035494411 54.4983599140173993 9999
9.83976770019564384 54.4983599140173993 9999
9.84746974003634357 54.4983599140173993 9999
9.85517177987704329 54.4983599140173993 9999
9.86287381971774302 54.4983599140173993 9999
9.87057585955844452 54.4983599140173993 9999
9.87827789939914425 54.4983599140173993 9999
9.88597993923984397 54.4983599140173993 9999
9.8936819790805437 54.4983599140173993 9999
9.90138401892124342 54.4983599140173993 9999
9.90908605876194493 54.4983599140173993 9999
9.91678809860264465 54.4983599140173993 9999
9.92449013844334438 54.4983599140173993 9999
9.9321921782840441 54.4983599140173993 9999
9.93989421812474383 54.4983599140173993 9999
9.94759625796544356 54.4983599140173993 9999
9.95529829780614506 54.4983599140173993 9999
9.96300033764684478 54.4983599140173993 -12.0750007629394531
9.97070237748754451 54.4983599140173993 -22.9500007629394531
9.97840441732824424 54.4983599140173993 -25.8999996185302734
9.98610645716894396 54.4983599140173993 -27.1500015258789062
9.99380849700964546 54.4983599140173993 -26.1000003814697266
10.0015105368503452 54.4983599140173993 -25.5
10.0092125766910449 54.4983599140173993 -25.0666656494140625
10.0169146165317446 54.4983599140173993 -25.1999988555908203
10.0246166563724444 54.4983599140173993 -20.6000003814697266
10.0323186962131441 54.4983599140173993 -18.3999996185302734
10.0400207360538456 54.4983599140173993 -21.1999988555908203
10.0477227758945453 54.4983599140173993 -22
10.055424815735245 54.4983599140173993 -23.2000007629394531
10.0631268555759448 54.4983599140173993 -23.2999992370605469
10.0708288954166445 54.4983599140173993 -22.5
10.078530935257346 54.4983599140173993 -21.3999996185302734
10.0862329750980457 54.4983599140173993 -20.3999996185302734
10.0939350149387455 54.4983599140173993 -19.7999992370605469
10.1016370547794452 54.4983599140173993 -19.2333335876464844
10.1093390946201449 54.4983599140173993 -18.7999992370605469
10.1170411344608446 54.4983599140173993 -18.6000022888183594
10.1247431743015461 54.4983599140173993 -15.3500003814697266
10.1324452141422459 54.4983599140173993 -19.6666679382324219
10.1401472539829456 54.4983599140173993 -13.4750003814697266
10.1478492938236453 54.4983599140173993 -11.9125003814697266
10.155551333664345 54.4983599140173993 -13.0041666030883789
10.1632533735050465 54.4983599140173993 -13.6249990463256836
10.1709554133457463 54.4983599140173993 -14.5
10.178657453186446 54.4983599140173993 -18.4250011444091797
10.1863594930271457 54.4983599140173993 -19.3999996185302734
10.1940615328678454 54.4983599140173993 -17.8999996185302734
10.2017635727085452 54.4983599140173993 -14.5750007629394531
10.2094656125492467 54.4983599140173993 -13.6000022888183594
9.73964118226654385 54.4938676919039295 9999
9.74734322210724358 54.4938676919039295 9999
9.7550452619479433 54.4938676919039295 9999
9.76274730178864303 54.4938676919039295 9999
9.77044934162934275 54.4938676919039295 9999
9.77815138147004248 54.4938676919039295 9999
9.78585342131074398 54.4938676919039295 9999
9.79355546115144371 54.4938676919039295 9999
9.80125750099214343 54.4938676919039295 9999
9.80895954083284316 54.4938676919039295 9999
9.81666158067354289 54.4938676919039295 9999
9.82436362051424439 54.4938676919039295 9999
9.83206566035494411 54.4938676919039295 9999
9.83976770019564384 54.4938676919039295 9999
9.84746974003634357 54.4938676919039295 9999
9.85517177987704329 54.4938676919039295 9999
9.86287381971774302 54.4938676919039295 9999
9.87057585955844452 54.4938676919039295 9999
9.87827789939914425 54.4938676919039295 9999
9.88597993923984397 54.4938676919039295 9999
9.8936819790805437 54.4938676919039295 9999
9.90138401892124342 54.4938676919039295 9999
9.90908605876194493 54.4938676919039295 9999
9.91678809860264465 54.4938676919039295 9999
9.92449013844334438 54.4938676919039295 9999
9.9321921782840441 54.4938676919039295 9999
9.93989421812474383 54.4938676919039295 9999
9.94759625796544356 54.4938676919039295 -2.82500290870666504
9.95529829780614506 54.4938676919039295 -21.875
9.96300033764684478 54.4938676919039295 -24.3499965667724609
9.97070237748754451 54.4938676919039295 -25.8999996185302734
9.97840441732824424 54.4938676919039295 -26.8499984741210938
9.98610645716894396 54.4938676919039295 -25.8999996185302734
9.99380849700964546 54.4938676919039295 -25.1000003814697266
10.0015105368503452 54.4938676919039295 -24.4250011444091797
10.0092125766910449 54.4938676919039295 -24.0499992370605469
10.0169146165317446 54.4938676919039295 -24.3374996185302734
10.0246166563724444 54.4938676919039295 -24.1000003814697266
10.0323186962131441 54.4938676919039295 -23.7999992370605469
10.0400207360538456 54.4938676919039295 -23.3666667938232422
10.0477227758945453 54.4938676919039295 -23.2000007629394531
10.055424815735245 54.4938676919039295 -22.9500007629394531
10.0631268555759448 54.4938676919039295 -22.3166656494140625
10.0708288954166445 54.4938676919039295 -21.7000007629394531
10.078530935257346 54.4938676919039295 -21.2000007629394531
10.0862329750980457 54.4938676919039295 -20.6000003814697266
10.0939350149387455 54.4938676919039295 -19.7999992370605469
10.1016370547794452 54.4938676919039295 -19
10.1093390946201449 54.4938676919039295 -17.9750003814697266
10.1170411344608446 54.4938676919039295 -15.100001335144043
10.1247431743015461 54.4938676919039295 -11.5000019073486328
10.1324452141422459 54.4938676919039295 -15.3999996185302734
10.1401472539829456 54.4938676919039295 -17.7999992370605469
10.1478492938236453 54.4938676919039295 -12.600001335144043
10.155551333664345 54.4938676919039295 -11.8000011444091797
10.1632533735050465 54.4938676919039295 -14.899998664855957
10.1709554133457463 54.4938676919039295 -19.1750011444091797
10.178657453186446 54.4938676919039295 -10.5625
10.1863594930271457 54.4938676919039295 -20.1583347320556641
10.1940615328678454 54.4938676919039295 -19.5
10.2017635727085452 54.4938676919039295 -17.7000007629394531
10.2094656125492467 54.4938676919039295 -15.0000009536743164
9.73964118226654385 54.4893754697904598 9999
9.74734322210724358 54.4893754697904598 9999
9.7550452619479433 54.4893754697904598 9999
9.76274730178864303 54.4893754697904598 9999
9.77044934162934275 54.4893754697904598 9999
9.77815138147004248 54.4893754697904598 9999
9.78585342131074398 54.4893754697904598 9999
9.79355546115144371 54.4893754697904598 9999
9.80125750099214343 54.4893754697904598 9999
9.80895954083284316 54.4893754697904598 9999
9.81666158067354289 54.4893754697904598 9999
9.82436362051424439 54.4893754697904598 9999
9.83206566035494411 54.4893754697904598 9999
9.83976770019564384 54.4893754697904598 9999
9.84746974003634357 54.4893754697904598 9999
9.85517177987704329 54.4893754697904598 9999
9.86287381971774302 54.4893754697904598 9999
9.87057585955844452 54.4893754697904598 9999
9.87827789939914425 54.4893754697904598 9999
9.88597993923984397 54.4893754697904598 9999
9.8936819790805437 54.4893754697904598 9999
9.90138401892124342 54.4893754697904598 9999
9.90908605876194493 54.4893754697904598 9999
9.91678809860264465 54.4893754697904598 9999
9.92449013844334438 54.4893754697904598 9999
9.9321921782840441 54.4893754697904598 -2.30000042915344238
9.93989421812474383 54.4893754697904598 -18.3499984741210938
9.94759625796544356 54.4893754697904598 -23.7000007629394531
9.95529829780614506 54.4893754697904598 -24.8500003814697266
9.96300033764684478 54.4893754697904598 -26.2000007629394531
9.97070237748754451 54.4893754697904598 -26.6750011444091797
9.97840441732824424 54.4893754697904598 -25.8999996185302734
9.98610645716894396 54.4893754697904598 -25.125
9.99380849700964546 54.4893754697904598 -24.6000003814697266
10.0015105368503452 54.4893754697904598 -24.1000003814697266
10.0092125766910449 54.4893754697904598 -23.7000007629394531
10.0169146165317446 54.4893754697904598 -23.7000007629394531
10.0246166563724444 54.4893754697904598 -23.5
10.0323186962131441 54.4893754697904598 -23.3999996185302734
10.0400207360538456 54.4893754697904598 -23.1000003814697266
10.0477227758945453 54.4893754697904598 -22.7999992370605469
10.055424815735245 54.4893754697904598 -22.2749996185302734
10.0631268555759448 54.4893754697904598 -21.6500015258789062
10.0708288954166445 54.4893754697904598 -20.8999996185302734
10.078530935257346 54.4893754697904598 -20.1000003814697266
10.0862329750980457 54.4893754697904598 -19
10.0939350149387455 54.4893754697904598 -17.5500011444091797
10.1016370547794452 54.4893754697904598 -15.600001335144043
10.1093390946201449 54.4893754697904598 -12.5499992370605469
10.1170411344608446 54.4893754697904598 -9.94999980926513672
10.1247431743015461 54.4893754697904598 -9.30000019073486328
10.1324452141422459 54.4893754697904598 -10.1999998092651367
10.1401472539829456 54.4893754697904598 -13.6999998092651367
10.1478492938236453 54.4893754697904598 -15.8000011444091797
10.155551333664345 54.4893754697904598 -10.649998664855957
10.1632533735050465 54.4893754697904598 -8.79999923706054688
10.1709554133457463 54.4893754697904598 -9.10000133514404297
10.178657453186446 54.4893754697904598 -9.25833415985107422
10.1863594930271457 54.4893754697904598 -9.45000076293945312
10.1940615328678454 54.4893754697904598 -10.7500009536743164
10.2017635727085452 54.4893754697904598 -19.5166664123535156
10.2094656125492467 54.4893754697904598 -20
9.73964118226654385 54.4848832476769829 9999
9.74734322210724358 54.4848832476769829 9999
9.7550452619479433 54.4848832476769829 9999
9.76274730178864303 54.4848832476769829 9999
9.77044934162934275 54.4848832476769829 9999
9.77815138147004248 54.4848832476769829 9999
9.78585342131074398 54.4848832476769829 9999
9.79355546115144371 54.4848832476769829 9999
9.80125750099214343 54.4848832476769829 9999
9.80895954083284316 54.4848832476769829 9999
9.81666158067354289 54.4848832476769829 9999
9.82436362051424439 54.4848832476769829 9999
9.83206566035494411 54.4848832476769829 9999
9.83976770019564384 54.4848832476769829 9999
9.84746974003634357 54.4848832476769829 9999
9.85517177987704329 54.4848832476769829 9999
9.86287381971774302 54.4848832476769829 9999
9.87057585955844452 54.4848832476769829 9999
9.87827789939914425 54.4848832476769829 9999
9.88597993923984397 54.4848832476769829 9999
9.8936819790805437 54.4848832476769829 9999
9.90138401892124342 54.4848832476769829 9999
9.90908605876194493 54.4848832476769829 9999
9.91678809860264465 54.4848832476769829 -6.16666698455810547
9.92449013844334438 54.4848832476769829 -20.2000007629394531
9.9321921782840441 54.4848832476769829 -22.8999996185302734
9.93989421812474383 54.4848832476769829 -24.7000007629394531
9.94759625796544356 54.4848832476769829 -25.625
9.95529829780614506 54.4848832476769829 -26.3999996185302734
9.96300033764684478 54.4848832476769829 -26.5
9.97070237748754451 54.4848832476769829 -25.7000007629394531
9.97840441732824424 54.4848832476769829 -25.2250003814697266
9.98610645716894396 54.4848832476769829 -24.875
9.99380849700964546 54.4848832476769829 -24.3999996185302734
10.0015105368503452 54.4848832476769829 -24.1000003814697266
10.0092125766910449 54.4848832476769829 -23.7999992370605469
10.0169146165317446 54.4848832476769829 -23.7999992370605469
10.0246166563724444 54.4848832476769829 -23.5
10.0323186962131441 54.4848832476769829 -23
10.0400207360538456 54.4848832476769829 -22.0749988555908203
10.0477227758945453 54.4848832476769829 -21.0499992370605469
10.055424815735245 54.4848832476769829 -19.7999992370605469
10.0631268555759448 54.4848832476769829 -18.6000003814697266
10.0708288954166445 54.4848832476769829 -17.7000007629394531
10.078530935257346 54.4848832476769829 -15.5999994277954102
10.0862329750980457 54.4848832476769829 -12.4000015258789062
10.0939350149387455 54.4848832476769829 -10.5000009536743164
10.1016370547794452 54.4848832476769829 -8.19999980926513672
10.1093390946201449 54.4848832476769829 -5.7499995231628418
10.1170411344608446 54.4848832476769829 -4
10.1247431743015461 54.4848832476769829 -5.09999990463256836
10.1324452141422459 54.4848832476769829 -6.39999914169311523
10.1401472539829456 54.4848832476769829 -8.79999828338623047
10.1478492938236453 54.4848832476769829 -11.600001335144043
10.155551333664345 54.4848832476769829 -11.149998664855957
10.1632533735050465 54.4848832476769829 -7.69999790191650391
10.1709554133457463 54.4848832476769829 -7.37500095367431641
10.178657453186446 54.4848832476769829 -7.55000114440917969
10.1863594930271457 54.4848832476769829 -7.85000228881835938
10.1940615328678454 54.4848832476769829 -8.25000095367431641
10.2017635727085452 54.4848832476769829 -9.94999980926513672
10.2094656125492467 54.4848832476769829 -12.9666681289672852
9.73964118226654385 54.4803910255635131 9999
9.74734322210724358 54.4803910255635131 9999
9.7550452619479433 54.4803910255635131 9999
9.76274730178864303 54.4803910255635131 9999
9.77044934162934275 54.4803910255635131 9999
9.77815138147004248 54.4803910255635131 9999
9.78585342131074398 54.4803910255635131 9999
9.79355546115144371 54.4803910255635131 9999
9.80125750099214343 54.4803910255635131 9999
9.80895954083284316 54.4803910255635131 9999
9.81666158067354289 54.4803910255635131 9999
9.82436362051424439 54.4803910255635131 9999
9.83206566035494411 54.4803910255635131 9999
9.83976770019564384 54.4803910255635131 9999
9.84746974003634357 54.4803910255635131 9999
9.85517177987704329 54.4803910255635131 9999
9.86287381971774302 54.4803910255635131 9999
9.87057585955844452 54.4803910255635131 9999
9.87827789939914425 54.4803910255635131 9999
9.88597993923984397 54.4803910255635131 9999
9.8936819790805437 54.4803910255635131 9999
9.90138401892124342 54.4803910255635131 -3.67499971389770508
9.90908605876194493 54.4803910255635131 -19.9583320617675781
9.91678809860264465 54.4803910255635131 -22.1000003814697266
9.92449013844334438 54.4803910255635131 -23.3499984741210938
9.9321921782840441 54.4803910255635131 -24.9750003814697266
9.93989421812474383 54.4803910255635131 -25.7999992370605469
9.94759625796544356 54.4803910255635131 -26.125
9.95529829780614506 54.4803910255635131 -26
9.96300033764684478 54.4803910255635131 -25.4749984741210938
9.97070237748754451 54.4803910255635131 -25.2000007629394531
9.97840441732824424 54.4803910255635131 -25
9.98610645716894396 54.4803910255635131 -24.6500015258789062
9.99380849700964546 54.4803910255635131 -24.2999992370605469
10.0015105368503452 54.4803910255635131 -24.2999992370605469
10.0092125766910449 54.4803910255635131 -23.8999996185302734
10.0169146165317446 54.4803910255635131 -23.3999996185302734
10.0246166563724444 54.4803910255635131 -22.1000003814697266
10.0323186962131441 54.4803910255635131 -19.1750011444091797
10.0400207360538456 54.4803910255635131 -8.00000095367431641
10.0477227758945453 54.4803910255635131 -7.0000004768371582
10.055424815735245 54.4803910255635131 -8.20000076293945312
10.0631268555759448 54.4803910255635131 -8.05000019073486328
10.0708288954166445 54.4803910255635131 -6.60000038146972656
10.078530935257346 54.4803910255635131 -4.30000162124633789
10.0862329750980457 54.4803910255635131 -2.5000007152557373
10.0939350149387455 54.4803910255635131 -2.04999947547912598
10.1016370547794452 54.4803910255635131 9999
10.1093390946201449 54.4803910255635131 9999
10.1170411344608446 54.4803910255635131 9999
10.1247431743015461 54.4803910255635131 9999
10.1324452141422459 54.4803910255635131 9999
10.1401472539829456 54.4803910255635131 -5.19999980926513672
10.1478492938236453 54.4803910255635131 -6.30000114440917969
10.155551333664345 54.4803910255635131 -7.49999904632568359
10.1632533735050465 54.4803910255635131 -7.36666679382324219
10.1709554133457463 54.4803910255635131 -7.16666698455810547
10.178657453186446 54.4803910255635131 -7.3666682243347168
10.1863594930271457 54.4803910255635131 -8.20000076293945312
10.1940615328678454 54.4803910255635131 -9.39999961853027344
10.2017635727085452 54.4803910255635131 -9.67500114440917969
10.2094656125492467 54.4803910255635131 -10.9499998092651367
9.73964118226654385 54.4758988034500362 9999
9.74734322210724358 54.4758988034500362 9999
9.7550452619479433 54.4758988034500362 9999
9.76274730178864303 54.4758988034500362 9999
9.77044934162934275 54.4758988034500362 9999
9.77815138147004248 54.4758988034500362 9999
9.78585342131074398 54.4758988034500362 9999
9.79355546115144371 54.4758988034500362 9999
9.80125750099214343 54.4758988034500362 9999
9.80895954083284316 54.4758988034500362 9999
9.81666158067354289 54.4758988034500362 9999
9.82436362051424439 54.4758988034500362 9999
9.83206566035494411 54.4758988034500362 9999
9.83976770019564384 54.4758988034500362 9999
9.84746974003634357 54.4758988034500362 9999
9.85517177987704329 54.4758988034500362 9999
9.86287381971774302 54.4758988034500362 9999
9.87057585955844452 54.4758988034500362 9999
9.87827789939914425 54.4758988034500362 9999
9.88597993923984397 54.4758988034500362 -1.60000157356262207
9.8936819790805437 54.4758988034500362 -16.4499988555908203
9.90138401892124342 54.4758988034500362 -22
9.90908605876194493 54.4758988034500362 -22.8249988555908203
9.91678809860264465 54.4758988034500362 -23.5
9.92449013844334438 54.4758988034500362 -24.6500015258789062
9.9321921782840441 54.4758988034500362 -25.3999996185302734
9.93989421812474383 54.4758988034500362 -25.625
9.94759625796544356 54.4758988034500362 -25.5
9.95529829780614506 54.4758988034500362 -25.2999992370605469
9.96300033764684478 54.4758988034500362 -25.2000007629394531
9.97070237748754451 54.4758988034500362 -24.7999992370605469
9.97840441732824424 54.4758988034500362 -24.7000007629394531
9.98610645716894396 54.4758988034500362 -24.5
9.99380849700964546 54.4758988034500362 -24.1500015258789062
10.0015105368503452 54.4758988034500362 -23.3999996185302734
10.0092125766910449 54.4758988034500362 -18.8499984741210938
10.0169146165317446 54.4758988034500362 -2.70000195503234863
10.0246166563724444 54.4758988034500362 -4.00000143051147461
10.0323186962131441 54.4758988034500362 -3.5
10.0400207360538456 54.4758988034500362 -2.50000143051147461
10.0477227758945453 54.4758988034500362 -2.12499880790710449
10.055424815735245 54.4758988034500362 -1.62499940395355225
10.0631268555759448 54.4758988034500362 9999
10.0708288954166445 54.4758988034500362 9999
10.078530935257346 54.4758988034500362 9999
10.0862329750980457 54.4758988034500362 9999
10.0939350149387455 54.4758988034500362 9999
10.1016370547794452 54.4758988034500362 9999
10.1093390946201449 54.4758988034500362 9999
10.1170411344608446 54.4758988034500362 9999
10.1247431743015461 54.4758988034500362 9999
10.1324452141422459 54.4758988034500362 9999
10.1401472539829456 54.4758988034500362 9999
10.1478492938236453 54.4758988034500362 -3.70000267028808594
10.155551333664345 54.4758988034500362 -5.3750004768371582
10.1632533735050465 54.4758988034500362 -5.43333292007446289
10.1709554133457463 54.4758988034500362 -5.85000181198120117
10.178657453186446 54.4758988034500362 -6.82500076293945312
10.1863594930271457 54.4758988034500362 -9.14999961853027344
10.1940615328678454 54.4758988034500362 -9.65833187103271484
10.2017635727085452 54.4758988034500362 -8.82916641235351562
10.2094656125492467 54.4758988034500362 -10.7750015258789062
9.73964118226654385 54.4714065813365664 9999
9.74734322210724358 54.4714065813365664 9999
9.7550452619479433 54.4714065813365664 9999
9.76274730178864303 54.4714065813365664 9999
9.77044934162934275 54.4714065813365664 9999
9.77815138147004248 54.4714065813365664 9999
9.78585342131074398 54.4714065813365664 9999
9.79355546115144371 54.4714065813365664 9999
9.80125750099214343 54.4714065813365664 9999
9.80895954083284316 54.4714065813365664 9999
9.81666158067354289 54.4714065813365664 9999
9.82436362051424439 54.4714065813365664 9999
9.83206566035494411 54.4714065813365664 9999
9.83976770019564384 54.4714065813365664 -7.32108879089355469
9.84746974003634357 54.4714065813365664 -4.29999923706054688
9.85517177987704329 54.4714065813365664 -5.40000057220458984
9.86287381971774302 54.4714065813365664 9999
9.87057585955844452 54.4714065813365664 -9.40000152587890625
9.87827789939914425 54.4714065813365664 -16.5
9.88597993923984397 54.4714065813365664 -18.9750003814697266
9.8936819790805437 54.4714065813365664 -22.3249988555908203
9.90138401892124342 54.4714065813365664 -23
9.90908605876194493 54.4714065813365664 -23.5499992370605469
9.91678809860264465 54.4714065813365664 -24.1000003814697266
9.92449013844334438 54.4714065813365664 -24.7333316802978516
9.9321921782840441 54.4714065813365664 -24.8999996185302734
9.93989421812474383 54.4714065813365664 -24.8499984741210938
9.94759625796544356 54.4714065813365664 -24.8099994659423828
9.95529829780614506 54.4714065813365664 -24.4125003814697266
9.96300033764684478 54.4714065813365664 -24.0166664123535156
9.97070237748754451 54.4714065813365664 -22.375
9.97840441732824424 54.4714065813365664 -19.0416679382324219
9.98610645716894396 54.4714065813365664 -14.2666683197021484
9.99380849700964546 54.4714065813365664 -9.48333358764648438
10.0015105368503452 54.4714065813365664 -2.90000104904174805
10.0092125766910449 54.4714065813365664 -0.900002181529998779
10.0169146165317446 54.4714065813365664 9999
10.0246166563724444 54.4714065813365664 9999
10.0323186962131441 54.4714065813365664 9999
10.0400207360538456 54.4714065813365664 9999
10.0477227758945453 54.4714065813365664 9999
10.055424815735245 54.4714065813365664 9999
10.0631268555759448 54.4714065813365664 9999
10.0708288954166445 54.4714065813365664 9999
10.078530935257346 54.4714065813365664 9999
10.0862329750980457 54.4714065813365664 9999
10.0939350149387455 54.4714065813365664 9999
10.1016370547794452 54.4714065813365664 9999
10.1093390946201449 54.4714065813365664 9999
10.1170411344608446 54.4714065813365664 9999
10.1247431743015461 54.4714065813365664 9999
10.1324452141422459 54.4714065813365664 9999
10.1401472539829456 54.4714065813365664 9999
10.1478492938236453 54.4714065813365664 9999
10.155551333664345 54.4714065813365664 9999
10.1632533735050465 54.4714065813365664 -4.15000009536743164
10.1709554133457463 54.4714065813365664 -4.7500004768371582
10.178657453186446 54.4714065813365664 -6.59999895095825195
10.1863594930271457 54.4714065813365664 -8.04166507720947266
10.1940615328678454 54.4714065813365664 -7.80000019073486328
10.2017635727085452 54.4714065813365664 -7.60000038146972656
10.2094656125492467 54.4714065813365664 -8.40000057220458984
9.73964118226654385 54.4669143592230895 9999
9.74734322210724358 54.4669143592230895 9999
9.7550452619479433 54.4669143592230895 9999
9.76274730178864303 54.4669143592230895 9999
9.77044934162934275 54.4669143592230895 9999
9.77815138147004248 54.4669143592230895 9999
9.78585342131074398 54.4669143592230895 9999
9.79355546115144371 54.4669143592230895 9999
9.80125750099214343 54.4669143592230895 9999
9.80895954083284316 54.4669143592230895 9999
9.81666158067354289 54.4669143592230895 9999
9.82436362051424439 54.4669143592230895 9999
9.83206566035494411 54.4669143592230895 9999
9.83976770019564384 54.4669143592230895 -9.98749923706054688
9.84746974003634357 54.4669143592230895 -15.5999994277954102
9.85517177987704329 54.4669143592230895 -16.875
9.86287381971774302 54.4669143592230895 -18.3249988555908203
9.87057585955844452 54.4669143592230895 -19.8999996185302734
9.87827789939914425 54.4669143592230895 -21.6750011444091797
9.88597993923984397 54.4669143592230895 -22.3999996185302734
9.8936819790805437 54.4669143592230895 -22.75
9.90138401892124342 54.4669143592230895 -23.2250003814697266
9.90908605876194493 54.4669143592230895 -23.6000003814697266
9.91678809860264465 54.4669143592230895 -24.0333328247070312
9.92449013844334438 54.4669143592230895 -24.2999992370605469
9.9321921782840441 54.4669143592230895 -23.8666667938232422
9.93989421812474383 54.4669143592230895 -22.6499977111816406
9.94759625796544356 54.4669143592230895 -19.258331298828125
9.95529829780614506 54.4669143592230895 -7.15833330154418945
9.96300033764684478 54.4669143592230895 -4.23333311080932617
9.97070237748754451 54.4669143592230895 -4.21250104904174805
9.97840441732824424 54.4669143592230895 -3.72500038146972656
9.98610645716894396 54.4669143592230895 -3.34999966621398926
9.99380849700964546 54.4669143592230895 -1.90000176429748535
10.0015105368503452 54.4669143592230895 9999
10.0092125766910449 54.4669143592230895 9999
10.0169146165317446 54.4669143592230895 9999
10.0246166563724444 54.4669143592230895 9999
10.0323186962131441 54.4669143592230895 9999
10.0400207360538456 54.4669143592230895 9999
10.0477227758945453 54.4669143592230895 9999
10.055424815735245 54.4669143592230895 9999
10.0631268555759448 54.4669143592230895 9999
10.0708288954166445 54.4669143592230895 9999
10.078530935257346 54.4669143592230895 9999
10.0862329750980457 54.4669143592230895 9999
10.0939350149387455 54.4669143592230895 9999
10.1016370547794452 54.4669143592230895 9999
10.1093390946201449 54.4669143592230895 9999
10.1170411344608446 54.4669143592230895 9999
10.1247431743015461 54.4669143592230895 9999
10.1324452141422459 54.4669143592230895 9999
10.1401472539829456 54.4669143592230895 9999
10.1478492938236453 54.4669143592230895 9999
10.155551333664345 54.4669143592230895 9999
10.1632533735050465 54.4669143592230895 9999
10.1709554133457463 54.4669143592230895 -4.10000038146972656
10.178657453186446 54.4669143592230895 -5.10000228881835938
10.1863594930271457 54.4669143592230895 -6.25
10.1940615328678454 54.4669143592230895 -6.39999961853027344
10.2017635727085452 54.4669143592230895 -7.7500004768371582
10.2094656125492467 54.4669143592230895 -9.44999980926513672
9.73964118226654385 54.4624221371096198 9999
9.74734322210724358 54.4624221371096198 9999
9.7550452619479433 54.4624221371096198 9999
9.76274730178864303 54.4624221371096198 9999
9.77044934162934275 54.4624221371096198 9999
9.77815138147004248 54.4624221371096198 9999
9.78585342131074398 54.4624221371096198 9999
9.79355546115144371 54.4624221371096198 9999
9.80125750099214343 54.4624221371096198 9999
9.80895954083284316 54.4624221371096198 9999
9.81666158067354289 54.4624221371096198 9999
9.82436362051424439 54.4624221371096198 9999
9.83206566035494411 54.4624221371096198 9999
9.83976770019564384 54.4624221371096198 -7.7500004768371582
9.84746974003634357 54.4624221371096198 -15.125
9.85517177987704329 54.4624221371096198 -18.5
9.86287381971774302 54.4624221371096198 -19.7999992370605469
9.87057585955844452 54.4624221371096198 -21.1750011444091797
9.87827789939914425 54.4624221371096198 -21.8499984741210938
9.88597993923984397 54.4624221371096198 -22.3499984741210938
9.8936819790805437 54.4624221371096198 -22.7000007629394531
9.90138401892124342 54.4624221371096198 -23
9.90908605876194493 54.4624221371096198 -23.0749988555908203
9.91678809860264465 54.4624221371096198 -22.7999992370605469
9.92449013844334438 54.4624221371096198 -19.4166679382324219
9.9321921782840441 54.4624221371096198 -3.35000252723693848
9.93989421812474383 54.4624221371096198 -1.57500231266021729
9.94759625796544356 54.4624221371096198 -1.39999949932098389
9.95529829780614506 54.4624221371096198 9999
9.96300033764684478 54.4624221371096198 9999
9.97070237748754451 54.4624221371096198 9999
9.97840441732824424 54.4624221371096198 9999
9.98610645716894396 54.4624221371096198 9999
9.99380849700964546 54.4624221371096198 9999
10.0015105368503452 54.4624221371096198 9999
10.0092125766910449 54.4624221371096198 9999
10.0169146165317446 54.4624221371096198 9999
10.0246166563724444 54.4624221371096198 9999
10.0323186962131441 54.4624221371096198 9999
10.0400207360538456 54.4624221371096198 9999
10.0477227758945453 54.4624221371096198 9999
10.055424815735245 54.4624221371096198 9999
10.0631268555759448 54.4624221371096198 9999
10.0708288954166445 54.4624221371096198 9999
10.078530935257346 54.4624221371096198 9999
10.0862329750980457 54.4624221371096198 9999
10.0939350149387455 54.4624221371096198 9999
10.1016370547794452 54.4624221371096198 9999
10.1093390946201449 54.4624221371096198 9999
10.1170411344608446 54.4624221371096198 9999
10.1247431743015461 54.4624221371096198 9999
10.1324452141422459 54.4624221371096198 9999
10.1401472539829456 54.4624221371096198 9999
10.1478492938236453 54.4624221371096198 9999
10.155551333664345 54.4624221371096198 9999
10.1632533735050465 54.4624221371096198 9999
10.1709554133457463 54.4624221371096198 9999
10.178657453186446 54.4624221371096198 -4.03333282470703125
10.1863594930271457 54.4624221371096198 -5.15000057220458984
10.1940615328678454 54.4624221371096198 -5.60000133514404297
10.2017635727085452 54.4624221371096198 -6.15833520889282227
10.2094656125492467 54.4624221371096198 -7.79999876022338867
9.73964118226654385 54.4579299149961429 9999
9.74734322210724358 54.4579299149961429 9999
9.7550452619479433 54.4579299149961429 9999
9.76274730178864303 54.4579299149961429 9999
9.77044934162934275 54.4579299149961429 9999
9.77815138147004248 54.4579299149961429 9999
9.78585342131074398 54.4579299149961429 9999
9.79355546115144371 54.4579299149961429 9999
9.80125750099214343 54.4579299149961429 9999
9.80895954083284316 54.4579299149961429 9999
9.81666158067354289 54.4579299149961429 9999
9.82436362051424439 54.4579299149961429 9999
9.83206566035494411 54.4579299149961429 9999
9.83976770019564384 54.4579299149961429 9999
9.84746974003634357 54.4579299149961429 -8.56666660308837891
9.85517177987704329 54.4579299149961429 -16.7000007629394531
9.86287381971774302 54.4579299149961429 -20.2999992370605469
9.87057585955844452 54.4579299149961429 -21.1000003814697266
9.87827789939914425 54.4579299149961429 -21.7000007629394531
9.88597993923984397 54.4579299149961429 -22.1000003814697266
9.8936819790805437 54.4579299149961429 -22.2999992370605469
9.90138401892124342 54.4579299149961429 -22.1000003814697266
9.90908605876194493 54.4579299149961429 -21
9.91678809860264465 54.4579299149961429 -14.3500003814697266
9.92449013844334438 54.4579299149961429 9999
9.9321921782840441 54.4579299149961429 9999
9.93989421812474383 54.4579299149961429 9999
9.94759625796544356 54.4579299149961429 9999
9.95529829780614506 54.4579299149961429 9999
9.96300033764684478 54.4579299149961429 9999
9.97070237748754451 54.4579299149961429 9999
9.97840441732824424 54.4579299149961429 9999
9.98610645716894396 54.4579299149961429 9999
9.99380849700964546 54.4579299149961429 9999
10.0015105368503452 54.4579299149961429 9999
10.0092125766910449 54.4579299149961429 9999
10.0169146165317446 54.4579299149961429 9999
10.0246166563724444 54.4579299149961429 9999
10.0323186962131441 54.4579299149961429 9999
10.0400207360538456 54.4579299149961429 9999
10.0477227758945453 54.4579299149961429 9999
10.055424815735245 54.4579299149961429 9999
10.0631268555759448 54.4579299149961429 9999
10.0708288954166445 54.4579299149961429 9999
10.078530935257346 54.4579299149961429 9999
10.0862329750980457 54.4579299149961429 9999
10.0939350149387455 54.4579299149961429 9999
10.1016370547794452 54.4579299149961429 9999
10.1093390946201449 54.4579299149961429 9999
10.1170411344608446 54.4579299149961429 9999
10.1247431743015461 54.4579299149961429 9999
10.1324452141422459 54.4579299149961429 9999
10.1401472539829456 54.4579299149961429 9999
10.1478492938236453 54.4579299149961429 9999
10.155551333664345 54.4579299149961429 9999
10.1632533735050465 54.4579299149961429 9999
10.1709554133457463 54.4579299149961429 9999
10.178657453186446 54.4579299149961429 9999
10.1863594930271457 54.4579299149961429 -3.85000157356262207
10.1940615328678454 54.4579299149961429 -4.55000209808349609
10.2017635727085452 54.4579299149961429 -5.00000095367431641
10.2094656125492467 54.4579299149961429 -6.10000038146972656
9.73964118226654385 54.4534376928826731 9999
9.74734322210724358 54.4534376928826731 9999
9.7550452619479433 54.4534376928826731 9999
9.76274730178864303 54.4534376928826731 9999
9.77044934162934275 54.4534376928826731 9999
9.77815138147004248 54.4534376928826731 9999
9.78585342131074398 54.4534376928826731 9999
9.79355546115144371 54.4534376928826731 9999
9.80125750099214343 54.4534376928826731 9999
9.80895954083284316 54.4534376928826731 9999
9.81666158067354289 54.4534376928826731 9999
9.82436362051424439 54.4534376928826731 9999
9.83206566035494411 54.4534376928826731 9999
9.83976770019564384 54.4534376928826731 9999
9.84746974003634357 54.4534376928826731 -3.80000066757202148
9.85517177987704329 54.4534376928826731 -12.5666675567626953
9.86287381971774302 54.4534376928826731 -15.3999996185302734
9.87057585955844452 54.4534376928826731 -18.7749996185302734
9.87827789939914425 54.4534376928826731 -17.4500007629394531
9.88597993923984397 54.4534376928826731 -14.6000003814697266
9.8936819790805437 54.4534376928826731 -10.0750007629394531
9.90138401892124342 54.4534376928826731 -9.39999961853027344
9.90908605876194493 54.4534376928826731 -7.22499990463256836
9.91678809860264465 54.4534376928826731 -0.900000929832458496
9.92449013844334438 54.4534376928826731 9999
9.9321921782840441 54.4534376928826731 9999
9.93989421812474383 54.4534376928826731 9999
9.94759625796544356 54.4534376928826731 9999
9.95529829780614506 54.4534376928826731 9999
9.96300033764684478 54.4534376928826731 9999
9.97070237748754451 54.4534376928826731 9999
9.97840441732824424 54.4534376928826731 9999
9.98610645716894396 54.4534376928826731 9999
9.99380849700964546 54.4534376928826731 9999
10.0015105368503452 54.4534376928826731 9999
10.0092125766910449 54.4534376928826731 9999
10.0169146165317446 54.4534376928826731 9999
10.0246166563724444 54.4534376928826731 9999
10.0323186962131441 54.4534376928826731 9999
10.0400207360538456 54.4534376928826731 9999
10.0477227758945453 54.4534376928826731 9999
10.055424815735245 54.4534376928826731 9999
10.0631268555759448 54.4534376928826731 9999
10.0708288954166445 54.4534376928826731 9999
10.078530935257346 54.4534376928826731 9999
10.0862329750980457 54.4534376928826731 9999
10.0939350149387455 54.4534376928826731 9999
10.1016370547794452 54.4534376928826731 9999
10.1093390946201449 54.4534376928826731 9999
10.1170411344608446 54.4534376928826731 9999
10.1247431743015461 54.4534376928826731 9999
10.1324452141422459 54.4534376928826731 9999
10.1401472539829456 54.4534376928826731 9999
10.1478492938236453 54.4534376928826731 9999
10.155551333664345 54.4534376928826731 9999
10.1632533735050465 54.4534376928826731 9999
10.1709554133457463 54.4534376928826731 9999
10.178657453186446 54.4534376928826731 9999
10.1863594930271457 54.4534376928826731 9999
10.1940615328678454 54.4534376928826731 9999
10.2017635727085452 54.4534376928826731 -4.60000038146972656
10.2094656125492467 54.4534376928826731 -5.93333339691162109
9.73964118226654385 54.4489454707692033 9999
9.74734322210724358 54.4489454707692033 9999
9.7550452619479433 54.4489454707692033 9999
9.76274730178864303 54.4489454707692033 9999
9.77044934162934275 54.4489454707692033 9999
9.77815138147004248 54.4489454707692033 9999
9.78585342131074398 54.4489454707692033 9999
9.79355546115144371 54.4489454707692033 9999
9.80125750099214343 54.4489454707692033 9999
9.80895954083284316 54.4489454707692033 9999
9.81666158067354289 54.4489454707692033 9999
9.82436362051424439 54.4489454707692033 9999
9.83206566035494411 54.4489454707692033 9999
9.83976770019564384 54.4489454707692033 9999
9.84746974003634357 54.4489454707692033 9999
9.85517177987704329 54.4489454707692033 -3.29999995231628418
9.86287381971774302 54.4489454707692033 -4.50000143051147461
9.87057585955844452 54.4489454707692033 -3.80000042915344238
9.87827789939914425 54.4489454707692033 -2.3749997615814209
9.88597993923984397 54.4489454707692033 -2.5000002384185791
9.8936819790805437 54.4489454707692033 -2.82500028610229492
9.90138401892124342 54.4489454707692033 -1.66666698455810547
9.90908605876194493 54.4489454707692033 9999
9.91678809860264465 54.4489454707692033 9999
9.92449013844334438 54.4489454707692033 9999
9.9321921782840441 54.4489454707692033 9999
9.93989421812474383 54.4489454707692033 9999
9.94759625796544356 54.4489454707692033 9999
9.95529829780614506 54.4489454707692033 9999
9.96300033764684478 54.4489454707692033 9999
9.97070237748754451 54.4489454707692033 9999
9.97840441732824424 54.4489454707692033 9999
9.98610645716894396 54.4489454707692033 9999
9.99380849700964546 54.4489454707692033 9999
10.0015105368503452 54.4489454707692033 9999
10.0092125766910449 54.4489454707692033 9999
10.0169146165317446 54.4489454707692033 9999
10.0246166563724444 54.4489454707692033 9999
10.0323186962131441 54.4489454707692033 9999
10.0400207360538456 54.4489454707692033 9999
10.0477227758945453 54.4489454707692033 9999
10.055424815735245 54.4489454707692033 9999
10.0631268555759448 54.4489454707692033 9999
10.0708288954166445 54.4489454707692033 9999
10.078530935257346 54.4489454707692033 9999
10.0862329750980457 54.4489454707692033 9999
10.0939350149387455 54.4489454707692033 9999
10.1016370547794452 54.4489454707692033 9999
10.1093390946201449 54.4489454707692033 9999
10.1170411344608446 54.4489454707692033 9999
10.1247431743015461 54.4489454707692033 9999
10.1324452141422459 54.4489454707692033 9999
10.1401472539829456 54.4489454707692033 9999
10.1478492938236453 54.4489454707692033 9999
10.155551333664345 54.4489454707692033 9999
10.1632533735050465 54.4489454707692033 9999
10.1709554133457463 54.4489454707692033 9999
10.178657453186446 54.4489454707692033 9999
10.1863594930271457 54.4489454707692033 9999
10.1940615328678454 54.4489454707692033 -3.06666803359985352
10.2017635727085452 54.4489454707692033 -4.70000076293945312
10.2094656125492467 54.4489454707692033 -5.50000095367431641
9.73964118226654385 54.4444532486557264 9999
9.74734322210724358 54.4444532486557264 9999
9.7550452619479433 54.4444532486557264 9999
9.76274730178864303 54.4444532486557264 9999
9.77044934162934275 54.4444532486557264 9999
9.77815138147004248 54.4444532486557264 9999
9.78585342131074398 54.4444532486557264 9999
9.79355546115144371 54.4444532486557264 9999
9.80125750099214343 54.4444532486557264 9999
9.80895954083284316 54.4444532486557264 9999
9.81666158067354289 54.4444532486557264 9999
9.82436362051424439 54.4444532486557264 9999
9.83206566035494411 54.4444532486557264 9999
9.83976770019564384 54.4444532486557264 9999
9.84746974003634357 54.4444532486557264 9999
9.85517177987704329 54.4444532486557264 9999
9.86287381971774302 54.4444532486557264 9999
9.87057585955844452 54.4444532486557264 9999
9.87827789939914425 54.4444532486557264 9999
9.88597993923984397 54.4444532486557264 9999
9.8936819790805437 54.4444532486557264 9999
9.90138401892124342 54.4444532486557264 9999
9.90908605876194493 54.4444532486557264 9999
9.91678809860264465 54.4444532486557264 9999
9.92449013844334438 54.4444532486557264 9999
9.9321921782840441 54.4444532486557264 9999
9.93989421812474383 54.4444532486557264 9999
9.94759625796544356 54.4444532486557264 9999
9.95529829780614506 54.4444532486557264 9999
9.96300033764684478 54.4444532486557264 9999
9.97070237748754451 54.4444532486557264 9999
9.97840441732824424 54.4444532486557264 9999
9.98610645716894396 54.4444532486557264 9999
9.99380849700964546 54.4444532486557264 9999
10.0015105368503452 54.4444532486557264 9999
10.0092125766910449 54.4444532486557264 9999
10.0169146165317446 54.4444532486557264 9999
10.0246166563724444 54.4444532486557264 9999
10.0323186962131441 54.4444532486557264 9999
10.0400207360538456 54.4444532486557264 9999
10.0477227758945453 54.4444532486557264 9999
10.055424815735245 54.4444532486557264 9999
10.0631268555759448 54.4444532486557264 9999
10.0708288954166445 54.4444532486557264 9999
10.078530935257346 54.4444532486557264 9999
10.0862329750980457 54.4444532486557264 9999
10.0939350149387455 54.4444532486557264 9999
10.1016370547794452 54.4444532486557264 9999
10.1093390946201449 54.4444532486557264 9999
10.1170411344608446 54.4444532486557264 9999
10.1247431743015461 54.4444532486557264 9999
10.1324452141422459 54.4444532486557264 9999
10.1401472539829456 54.4444532486557264 9999
10.1478492938236453 54.4444532486557264 9999
10.155551333664345 54.4444532486557264 9999
10.1632533735050465 54.4444532486557264 9999
10.1709554133457463 54.4444532486557264 9999
10.178657453186446 54.4444532486557264 9999
10.1863594930271457 54.4444532486557264 -2.45000004768371582
10.1940615328678454 54.4444532486557264 -3.92500019073486328
10.2017635727085452 54.4444532486557264 -5.00000095367431641
10.2094656125492467 54.4444532486557264 -13.1666660308837891
9.73964118226654385 54.4399610265422567 9999
9.74734322210724358 54.4399610265422567 9999
9.7550452619479433 54.4399610265422567 9999
9.76274730178864303 54.4399610265422567 9999
9.77044934162934275 54.4399610265422567 9999
9.77815138147004248 54.4399610265422567 9999
9.78585342131074398 54.4399610265422567 9999
9.79355546115144371 54.4399610265422567 9999
9.80125750099214343 54.4399610265422567 9999
9.80895954083284316 54.4399610265422567 9999
9.81666158067354289 54.4399610265422567 9999
9.82436362051424439 54.4399610265422567 9999
9.83206566035494411 54.4399610265422567 9999
9.83976770019564384 54.4399610265422567 9999
9.84746974003634357 54.4399610265422567 9999
9.85517177987704329 54.4399610265422567 9999
9.86287381971774302 54.4399610265422567 9999
9.87057585955844452 54.4399610265422567 9999
9.87827789939914425 54.4399610265422567 9999
9.88597993923984397 54.4399610265422567 9999
9.8936819790805437 54.4399610265422567 9999
9.90138401892124342 54.4399610265422567 9999
9.90908605876194493 54.4399610265422567 9999
9.91678809860264465 54.4399610265422567 9999
9.92449013844334438 54.4399610265422567 9999
9.9321921782840441 54.4399610265422567 9999
9.93989421812474383 54.4399610265422567 9999
9.94759625796544356 54.4399610265422567 9999
9.95529829780614506 54.4399610265422567 9999
9.96300033764684478 54.4399610265422567 9999
9.97070237748754451 54.4399610265422567 9999
9.97840441732824424 54.4399610265422567 9999
9.98610645716894396 54.4399610265422567 9999
9.99380849700964546 54.4399610265422567 9999
10.0015105368503452 54.4399610265422567 9999
10.0092125766910449 54.4399610265422567 9999
10.0169146165317446 54.4399610265422567 9999
10.0246166563724444 54.4399610265422567 9999
10.0323186962131441 54.4399610265422567 9999
10.0400207360538456 54.4399610265422567 9999
10.0477227758945453 54.4399610265422567 9999
10.055424815735245 54.4399610265422567 9999
10.0631268555759448 54.4399610265422567 9999
10.0708288954166445 54.4399610265422567 9999
10.078530935257346 54.4399610265422567 9999
10.0862329750980457 54.4399610265422567 9999
10.0939350149387455 54.4399610265422567 9999
10.1016370547794452 54.4399610265422567 9999
10.1093390946201449 54.4399610265422567 9999
10.1170411344608446 54.4399610265422567 9999
10.1247431743015461 54.4399610265422567 9999
10.1324452141422459 54.4399610265422567 9999
10.1401472539829456 54.4399610265422567 9999
10.1478492938236453 54.4399610265422567 9999
10.155551333664345 54.4399610265422567 9999
10.1632533735050465 54.4399610265422567 9999
10.1709554133457463 54.4399610265422567 9999
10.178657453186446 54.4399610265422567 -1.90000009536743164
10.1863594930271457 54.4399610265422567 -3.52499985694885254
10.1940615328678454 54.4399610265422567 -8.60000133514404297
10.2017635727085452 54.4399610265422567 -15.1500005722045898
10.2094656125492467 54.4399610265422567 -17.5
9.73964118226654385 54.4354688044287798 9999
9.74734322210724358 54.4354688044287798 9999
9.7550452619479433 54.4354688044287798 9999
9.76274730178864303 54.4354688044287798 9999
9.77044934162934275 54.4354688044287798 9999
9.77815138147004248 54.4354688044287798 9999
9.78585342131074398 54.4354688044287798 9999
9.79355546115144371 54.4354688044287798 9999
9.80125750099214343 54.4354688044287798 9999
9.80895954083284316 54.4354688044287798 9999
9.81666158067354289 54.4354688044287798 9999
9.82436362051424439 54.4354688044287798 9999
9.83206566035494411 54.4354688044287798 9999
9.83976770019564384 54.4354688044287798 9999
9.84746974003634357 54.4354688044287798 9999
9.85517177987704329 54.4354688044287798 9999
9.86287381971774302 54.4354688044287798 9999
9.87057585955844452 54.4354688044287798 9999
9.87827789939914425 54.4354688044287798 9999
9.88597993923984397 54.4354688044287798 9999
9.8936819790805437 54.4354688044287798 9999
9.90138401892124342 54.4354688044287798 9999
9.90908605876194493 54.4354688044287798 9999
9.91678809860264465 54.4354688044287798 9999
9.92449013844334438 54.4354688044287798 9999
9.9321921782840441 54.4354688044287798 9999
9.93989421812474383 54.4354688044287798 9999
9.94759625796544356 54.4354688044287798 9999
9.95529829780614506 54.4354688044287798 9999
9.96300033764684478 54.4354688044287798 9999
9.97070237748754451 54.4354688044287798 9999
9.97840441732824424 54.4354688044287798 9999
9.98610645716894396 54.4354688044287798 9999
9.99380849700964546 54.4354688044287798 9999
10.0015105368503452 54.4354688044287798 9999
10.0092125766910449 54.4354688044287798 9999
10.0169146165317446 54.4354688044287798 9999
10.0246166563724444 54.4354688044287798 9999
10.0323186962131441 54.4354688044287798 9999
10.0400207360538456 54.4354688044287798 9999
10.0477227758945453 54.4354688044287798 9999
10.055424815735245 54.4354688044287798 9999
10.0631268555759448 54.4354688044287798 9999
10.0708288954166445 54.4354688044287798 9999
10.078530935257346 54.4354688044287798 9999
10.0862329750980457 54.4354688044287798 9999
10.0939350149387455 54.4354688044287798 9999
10.1016370547794452 54.4354688044287798 9999
10.1093390946201449 54.4354688044287798 9999
10.1170411344608446 54.4354688044287798 9999
10.1247431743015461 54.4354688044287798 9999
10.1324452141422459 54.4354688044287798 9999
10.1401472539829456 54.4354688044287798 9999
10.1478492938236453 54.4354688044287798 9999
10.155551333664345 54.4354688044287798 9999
10.1632533735050465 54.4354688044287798 9999
10.1709554133457463 54.4354688044287798 9999
10.178657453186446 54.4354688044287798 -11.4500007629394531
10.1863594930271457 54.4354688044287798 -15.8249998092651367
10.1940615328678454 54.4354688044287798 -16.8999996185302734
10.2017635727085452 54.4354688044287798 -17.2000007629394531
10.2094656125492467 54.4354688044287798 -17.25
9.73964118226654385 54.43097658231531 9999
9.74734322210724358 54.43097658231531 9999
9.7550452619479433 54.43097658231531 9999
9.76274730178864303 54.43097658231531 9999
9.77044934162934275 54.43097658231531 9999
9.77815138147004248 54.43097658231531 9999
9.78585342131074398 54.43097658231531 9999
9.79355546115144371 54.43097658231531 9999
9.80125750099214343 54.43097658231531 9999
9.80895954083284316 54.43097658231531 9999
9.81666158067354289 54.43097658231531 9999
9.82436362051424439 54.43097658231531 9999
9.83206566035494411 54.43097658231531 9999
9.83976770019564384 54.43097658231531 9999
9.84746974003634357 54.43097658231531 9999
9.85517177987704329 54.43097658231531 9999
9.86287381971774302 54.43097658231531 9999
9.87057585955844452 54.43097658231531 9999
9.87827789939914425 54.43097658231531 9999
9.88597993923984397 54.43097658231531 9999
9.8936819790805437 54.43097658231531 9999
9.90138401892124342 54.43097658231531 9999
9.90908605876194493 54.43097658231531 9999
9.91678809860264465 54.43097658231531 9999
9.92449013844334438 54.43097658231531 9999
9.9321921782840441 54.43097658231531 9999
9.93989421812474383 54.43097658231531 9999
9.94759625796544356 54.43097658231531 9999
9.95529829780614506 54.43097658231531 9999
9.96300033764684478 54.43097658231531 9999
9.97070237748754451 54.43097658231531 9999
9.97840441732824424 54.43097658231531 9999
9.98610645716894396 54.43097658231531 9999
9.99380849700964546 54.43097658231531 9999
10.0015105368503452 54.43097658231531 9999
10.0092125766910449 54.43097658231531 9999
10.0169146165317446 54.43097658231531 9999
10.0246166563724444 54.43097658231531 9999
10.0323186962131441 54.43097658231531 9999
10.0400207360538456 54.43097658231531 9999
10.0477227758945453 54.43097658231531 9999
10.055424815735245 54.43097658231531 9999
10.0631268555759448 54.43097658231531 9999
10.0708288954166445 54.43097658231531 9999
10.078530935257346 54.43097658231531 9999
10.0862329750980457 54.43097658231531 9999
10.0939350149387455 54.43097658231531 9999
10.1016370547794452 54.43097658231531 9999
10.1093390946201449 54.43097658231531 9999
10.1170411344608446 54.43097658231531 9999
10.1247431743015461 54.43097658231531 9999
10.1324452141422459 54.43097658231531 9999
10.1401472539829456 54.43097658231531 9999
10.1478492938236453 54.43097658231531 9999
10.155551333664345 54.43097658231531 9999
10.1632533735050465 54.43097658231531 9999
10.1709554133457463 54.43097658231531 -11.3666667938232422
10.178657453186446 54.43097658231531 -16
10.1863594930271457 54.43097658231531 -16.75
10.1940615328678454 54.43097658231531 -16.7000007629394531
10.2017635727085452 54.43097658231531 -16.9000015258789062
10.2094656125492467 54.43097658231531 -17.0749988555908203
