X,Y,Z,R,G,B
266.947754,-105.400085,0.000010,46,204,113
265.517242,-104.942322,0.000020,46,204,113
264.086731,-104.484558,0.000030,46,204,113
262.656219,-104.026794,0.000040,46,204,113
261.225708,-103.569031,0.000050,46,204,113
259.795197,-103.111267,0.000060,46,204,113
258.364685,-102.653503,0.000070,46,204,113
256.934174,-102.195740,0.000080,46,204,113
255.503662,-101.737976,0.000090,46,204,113
254.073151,-101.280212,0.000100,46,204,113
252.642639,-100.822449,0.000110,46,204,113
251.212128,-100.364685,0.000120,46,204,113
249.781616,-99.906921,0.000130,46,204,113
248.351105,-99.449158,0.000140,46,204,113
246.920593,-98.991394,0.000150,46,204,113
245.490082,-98.533630,0.000160,46,204,113
244.059570,-98.075867,0.000170,46,204,113
242.629059,-97.618103,0.000180,46,204,113
241.198547,-97.160339,0.000190,46,204,113
239.768036,-96.702576,0.000200,46,204,113
238.337524,-96.244812,0.000210,46,204,113
236.907013,-95.787048,0.000220,46,204,113
235.476501,-95.329285,0.000230,46,204,113
234.045990,-94.871521,0.000240,46,204,113
232.615479,-94.413757,0.000250,46,204,113
231.184967,-93.955994,0.000260,46,204,113
229.754456,-93.498230,0.000270,46,204,113
228.323944,-93.040466,0.000280,46,204,113
225.634583,-92.124939,0.000290,46,204,113
224.204071,-91.667175,0.000300,46,204,113
222.773560,-91.209412,0.000310,46,204,113
221.343048,-90.751648,0.000320,46,204,113
219.912537,-90.293884,0.000330,46,204,113
218.482025,-89.836121,0.000340,46,204,113
216.579437,-89.149475,0.000350,46,204,113
215.249054,-88.462830,0.000360,46,204,113
213.918686,-87.776184,0.000370,46,204,113
212.588318,-87.089539,0.000380,46,204,113
210.914612,-86.231232,0.000390,46,204,113
209.498413,-85.773468,0.000400,46,204,113
206.680298,-84.800720,0.000410,46,204,113
204.663269,-84.800720,0.000420,46,204,113
203.247070,-84.285736,0.000430,46,204,113
201.830872,-83.770752,0.000440,46,204,113
200.414658,-83.255768,0.000450,46,204,113
198.998444,-82.740784,0.000460,46,204,113
197.153091,-82.225800,0.000470,46,204,113
195.751190,-81.653595,0.000480,46,204,113
194.349289,-81.081390,0.000490,46,204,113
192.947388,-80.509186,0.000500,46,204,113
191.545486,-79.936981,0.000510,46,204,113
190.143585,-79.364777,0.000520,46,204,113
188.741684,-78.792572,0.000530,46,204,113
187.339783,-78.220367,0.000540,46,204,113
185.937881,-77.648163,0.000550,46,204,113
184.535980,-77.075958,0.000560,46,204,113
183.134079,-76.503754,0.000570,46,204,113
181.732178,-75.931549,0.000580,46,204,113
180.330276,-75.359344,0.000590,46,204,113
178.928375,-74.787140,0.000600,46,204,113
177.369110,-74.443817,0.000610,46,204,113
156.211853,-66.604614,0.000620,46,204,113
-128.660202,29.239655,0.000630,46,204,113
-130.147934,29.411316,0.000640,46,204,113
-131.635666,29.582977,0.000650,46,204,113
-133.123398,29.754639,0.000660,46,204,113
-134.611130,29.926300,0.000670,46,204,113
-136.098862,30.097961,0.000680,46,204,113
-137.586594,30.269623,0.000690,46,204,113
-139.074326,30.441284,0.000700,46,204,113
-140.562057,30.612946,0.000710,46,204,113
-142.493256,30.612946,0.000720,46,204,113
-143.995285,30.670166,0.000730,46,204,113
-145.497314,30.727386,0.000740,46,204,113
-146.999359,30.784607,0.000750,46,204,113
-148.501404,30.841827,0.000760,46,204,113
-150.003433,30.899048,0.000770,46,204,113
-151.505463,30.956268,0.000780,46,204,113
-153.007507,31.013489,0.000790,46,204,113
-154.509552,31.070709,0.000800,46,204,113
-156.011581,31.127930,0.000810,46,204,113
-157.513611,31.185150,0.000820,46,204,113
-159.015656,31.242371,0.000830,46,204,113
-160.517700,31.299591,0.000840,46,204,113
-162.019730,31.356812,0.000850,46,204,113
-163.521759,31.414032,0.000860,46,204,113
-165.023804,31.471252,0.000870,46,204,113
-166.525848,31.528473,0.000880,46,204,113
-168.027878,31.585693,0.000890,46,204,113
-170.288086,31.528473,0.000900,46,204,113
-171.790131,31.528473,0.000910,46,204,113
-173.292160,31.528473,0.000920,46,204,113
-174.794189,31.528473,0.000930,46,204,113
-176.296234,31.528473,0.000940,46,204,113
-177.798279,31.528473,0.000950,46,204,113
-179.300308,31.528473,0.000960,46,204,113
-180.802338,31.528473,0.000970,46,204,113
-182.304382,31.528473,0.000980,46,204,113
-183.806427,31.528473,0.000990,46,204,113
-185.308456,31.528473,0.001000,46,204,113
-186.810486,31.528473,0.001010,46,204,113
-188.312531,31.528473,0.001020,46,204,113
-191.030502,31.700134,0.001030,46,204,113
-192.532532,31.642914,0.001040,46,204,113
-194.034576,31.585693,0.001050,46,204,113
-195.536621,31.528473,0.001060,46,204,113
-197.038651,31.471252,0.001070,46,204,113
-198.540680,31.414032,0.001080,46,204,113
-200.042725,31.356812,0.001090,46,204,113
-201.544769,31.299591,0.001100,46,204,113
-203.046799,31.242371,0.001110,46,204,113
-204.548828,31.185150,0.001120,46,204,113
-206.050873,31.127930,0.001130,46,204,113
-207.552917,31.070709,0.001140,46,204,113
-209.054947,31.013489,0.001150,46,204,113
-210.556976,30.956268,0.001160,46,204,113
-212.059021,30.899048,0.001170,46,204,113
-213.561066,30.841827,0.001180,46,204,113
-215.935699,31.185150,0.001190,46,204,113
-217.437744,31.242371,0.001200,46,204,113
-218.939789,31.299591,0.001210,46,204,113
-220.441818,31.356812,0.001220,46,204,113
-221.943848,31.414032,0.001230,46,204,113
-223.445892,31.471252,0.001240,46,204,113
-225.648880,31.642914,0.001250,46,204,113
-227.122314,31.929016,0.001260,46,204,113
-228.595734,32.215118,0.001270,46,204,113
-231.471069,32.844543,0.001280,46,204,113
-234.189026,33.416748,0.001290,46,204,113
-235.548019,32.787323,0.001300,46,204,113
-236.907013,32.157898,0.001310,46,204,113
-238.795288,31.299591,0.001320,46,204,113
-240.268707,31.070709,0.001330,46,204,113
-241.742126,30.841827,0.001340,46,204,113
-243.215561,30.612946,0.001350,46,204,113
-245.032318,30.269623,0.001360,46,204,113
-246.534348,30.384064,0.001370,46,204,113
-248.036377,30.498505,0.001380,46,204,113
-249.538422,30.612946,0.001390,46,204,113
-252.356537,30.727386,0.001400,46,204,113
-253.844269,30.841827,0.001410,46,204,113
-255.332001,30.956268,0.001420,46,204,113
-256.819733,31.070709,0.001430,46,204,113
-258.307465,31.185150,0.001440,46,204,113
-259.795197,31.299591,0.001450,46,204,113
-261.940948,31.585693,0.001460,46,204,113
-264.158264,31.585693,0.001470,46,204,113
-265.588745,31.127930,0.001480,46,204,113
-267.019287,30.670166,0.001490,46,204,113
-268.449768,30.212402,0.001500,46,204,113
-270.209320,29.640198,0.001510,46,204,113
-271.711365,29.640198,0.001520,46,204,113
-274.672516,29.582977,0.001530,46,204,113
-276.160248,29.754639,0.001540,46,204,113
-277.647980,29.926300,0.001550,46,204,113
-279.135712,30.097961,0.001560,46,204,113
-280.623444,30.269623,0.001570,46,204,113
-282.111176,30.441284,0.001580,46,204,113
-283.970825,30.784607,0.001590,46,204,113
-285.444275,31.013489,0.001600,46,204,113
-286.917694,31.242371,0.001610,46,204,113
-288.391113,31.471252,0.001620,46,204,113
-289.864532,31.700134,0.001630,46,204,113
-292.654053,32.272339,0.001640,46,204,113
-294.141785,32.501221,0.001650,46,204,113
-295.629517,32.730103,0.001660,46,204,113
-298.419006,33.187866,0.001670,46,204,113
-301.136963,33.531189,0.001680,46,204,113
-303.955078,32.844543,0.001690,46,204,113
-305.571564,30.670166,0.001700,46,204,113
-306.773193,29.754639,0.001710,46,204,113
-307.974823,28.839111,0.001720,46,204,113
-309.448242,27.751923,0.001730,46,204,113
-310.935974,27.122498,0.001740,46,204,113
-312.666901,26.550293,0.001750,46,204,113
-315.685272,26.092529,0.001760,46,204,113
-662.856079,-19.397736,0.001770,46,204,113
-661.368347,-19.226074,0.001780,46,204,113
-659.880615,-19.054413,0.001790,46,204,113
-658.392883,-18.882751,0.001800,46,204,113
-656.905151,-18.711090,0.001810,46,204,113
-655.417419,-18.539429,0.001820,46,204,113
-653.929688,-18.367767,0.001830,46,204,113
-652.441956,-18.196106,0.001840,46,204,113
-650.954224,-18.024445,0.001850,46,204,113
-649.466492,-17.852783,0.001860,46,204,113
-647.978760,-17.681122,0.001870,46,204,113
-646.491028,-17.509460,0.001880,46,204,113
-645.003296,-17.337799,0.001890,46,204,113
-643.515564,-17.166138,0.001900,46,204,113
-642.027832,-16.994476,0.001910,46,204,113
-640.540100,-16.822815,0.001920,46,204,113
-639.052368,-16.651154,0.001930,46,204,113
-636.777893,-15.964508,0.001940,46,204,113
-635.290161,-15.792847,0.001950,46,204,113
-633.802429,-15.621185,0.001960,46,204,113
-632.314697,-15.449524,0.001970,46,204,113
-630.826965,-15.277863,0.001980,46,204,113
-629.339233,-15.106201,0.001990,46,204,113
-627.851501,-14.934540,0.002000,46,204,113
-625.805847,-14.533997,0.002010,46,204,113
-623.145081,-14.190674,0.002020,46,204,113
-621.671692,-13.904572,0.002030,46,204,113
-620.198242,-13.618469,0.002040,46,204,113
-618.724854,-13.332367,0.002050,46,204,113
-617.251404,-13.046265,0.002060,46,204,113
-615.706421,-12.645721,0.002070,46,204,113
-614.218689,-12.474060,0.002080,46,204,113
-612.730957,-12.302399,0.002090,46,204,113
-611.243225,-12.130737,0.002100,46,204,113
-609.755493,-11.959076,0.002110,46,204,113
-607.595459,-11.558533,0.002120,46,204,113
-606.122009,-11.272430,0.002130,46,204,113
-604.648560,-10.986328,0.002140,46,204,113
-603.175171,-10.700226,0.002150,46,204,113
-601.701721,-10.414124,0.002160,46,204,113
-599.241272,-9.784698,0.002170,46,204,113
-597.825073,-9.269714,0.002180,46,204,113
-595.164307,-8.354187,0.002190,46,204,113
-593.690857,-8.125305,0.002200,46,204,113
-592.217468,-7.896423,0.002210,46,204,113
-590.744019,-7.667542,0.002220,46,204,113
-589.270569,-7.438660,0.002230,46,204,113
-587.797180,-7.209778,0.002240,46,204,113
-586.323730,-6.980896,0.002250,46,204,113
-584.850342,-6.752014,0.002260,46,204,113
-583.376892,-6.523132,0.002270,46,204,113
-581.903442,-6.122589,0.002280,46,204,113
-580.415710,-5.893707,0.002290,46,204,113
-578.927979,-5.664825,0.002300,46,204,113
-577.440247,-5.435944,0.002310,46,204,113
-575.952515,-5.207062,0.002320,46,204,113
-574.464783,-4.978180,0.002330,46,204,113
-572.862610,-4.692078,0.002340,46,204,113
-571.389221,-4.463196,0.002350,46,204,113
-569.915771,-4.234314,0.002360,46,204,113
-568.442322,-4.005432,0.002370,46,204,113
-565.924622,-3.547668,0.002380,46,204,113
-564.436890,-3.433228,0.002390,46,204,113
-562.949158,-3.318787,0.002400,46,204,113
-560.159668,-3.032684,0.002410,46,204,113
-558.686279,-2.803802,0.002420,46,204,113
-557.212830,-2.574921,0.002430,46,204,113
-555.739380,-2.346039,0.002440,46,204,113
-554.137207,-2.002716,0.002450,46,204,113
-552.678101,-1.659393,0.002460,46,204,113
-550.103210,-1.087189,0.002470,46,204,113
-548.629761,-0.801086,0.002480,46,204,113
-546.112061,-0.286102,0.002490,46,204,113
-544.624329,-0.114441,0.002500,46,204,113
-543.093689,0.057220,0.002510,46,204,113
-541.620239,0.343323,0.002520,46,204,113
-540.146851,0.629425,0.002530,46,204,113
-537.328735,1.258850,0.002540,46,204,113
-533.094421,1.945496,0.002550,46,204,113
-810.098633,-36.163330,0.002560,46,204,113
-811.600708,-36.163330,0.002570,46,204,113
-814.576172,-36.220551,0.002580,46,204,113
-816.063904,-36.106110,0.002590,46,204,113
-817.551636,-35.991669,0.002600,46,204,113
-819.239624,-35.820007,0.002610,46,204,113
-820.741638,-35.820007,0.002620,46,204,113
-822.243713,-35.820007,0.002630,46,204,113
-824.060425,-35.877228,0.002640,46,204,113
-825.562500,-35.877228,0.002650,46,204,113
-828.452087,-35.877228,0.002660,46,204,113
-829.954163,-35.934448,0.002670,46,204,113
-831.670776,-36.048889,0.002680,46,204,113
-833.158508,-36.220551,0.002690,46,204,113
-834.717773,-36.392212,0.002700,46,204,113
-836.205505,-36.621094,0.002710,46,204,113
-838.708862,-36.964417,0.002720,46,204,113
-840.196594,-37.193298,0.002730,46,204,113
-841.684326,-37.422180,0.002740,46,204,113
-843.658447,-37.651062,0.002750,46,204,113
-845.146179,-37.822723,0.002760,46,204,113
-846.633911,-37.994385,0.002770,46,204,113
-848.121643,-38.166046,0.002780,46,204,113
-850.481995,-38.394928,0.002790,46,204,113
-851.969727,-38.566589,0.002800,46,204,113
-853.457458,-38.738251,0.002810,46,204,113
-855.889343,-39.081573,0.002820,46,204,113
-857.377075,-39.253235,0.002830,46,204,113
-858.864807,-39.424896,0.002840,46,204,113
-860.352539,-39.596558,0.002850,46,204,113
-862.755798,-39.882660,0.002860,46,204,113
-864.257812,-39.939880,0.002870,46,204,113
-865.759827,-39.997101,0.002880,46,204,113
-867.991455,-40.054321,0.002890,46,204,113
-869.493469,-40.054321,0.002900,46,204,113
-870.995544,-40.054321,0.002910,46,204,113
-873.584717,-40.111542,0.002920,46,204,113
-875.086792,-40.054321,0.002930,46,204,113
-877.490051,-39.939880,0.002940,46,204,113
-878.992065,-39.882660,0.002950,46,204,113
-880.494141,-39.825439,0.002960,46,204,113
-881.996155,-39.768219,0.002970,46,204,113
-883.498169,-39.710999,0.002980,46,204,113
-886.387817,-39.653778,0.002990,46,204,113
-887.889893,-39.596558,0.003000,46,204,113
-889.391907,-39.539337,0.003010,46,204,113
-890.893921,-39.482117,0.003020,46,204,113
-893.211365,-39.482117,0.003030,46,204,113
-894.713379,-39.482117,0.003040,46,204,113
-896.215454,-39.482117,0.003050,46,204,113
-897.717468,-39.482117,0.003060,46,204,113
-900.149353,-39.596558,0.003070,46,204,113
-901.651367,-39.710999,0.003080,46,204,113
-903.153442,-39.825439,0.003090,46,204,113
-904.655457,-39.939880,0.003100,46,204,113
-907.030090,-40.054321,0.003110,46,204,113
-908.532166,-40.168762,0.003120,46,204,113
-910.034180,-40.283203,0.003130,46,204,113
-911.536194,-40.397644,0.003140,46,204,113
-913.753540,-40.512085,0.003150,46,204,113
-915.255554,-40.626526,0.003160,46,204,113
-916.757568,-40.740967,0.003170,46,204,113
-918.259644,-40.855408,0.003180,46,204,113
-919.761658,-40.969849,0.003190,46,204,113
-921.263672,-41.084290,0.003200,46,204,113
-923.066162,-41.084290,0.003210,46,204,113
-924.568176,-41.141510,0.003220,46,204,113
-926.070190,-41.198730,0.003230,46,204,113
-927.572266,-41.255951,0.003240,46,204,113
-929.203003,-41.313171,0.003250,46,204,113
-930.705078,-41.255951,0.003260,46,204,113
-932.207092,-41.198730,0.003270,46,204,113
-934.281372,-41.198730,0.003280,46,204,113
-935.783386,-41.198730,0.003290,46,204,113
-937.285400,-41.198730,0.003300,46,204,113
-939.974792,-41.255951,0.003310,46,204,113
-941.476807,-41.198730,0.003320,46,204,113
-942.978882,-41.141510,0.003330,46,204,113
-945.138916,-41.141510,0.003340,46,204,113
-946.626648,-40.969849,0.003350,46,204,113
-948.114380,-40.798187,0.003360,46,204,113
-951.018311,-40.569305,0.003370,46,204,113
-952.520386,-40.512085,0.003380,46,204,113
-954.022400,-40.454865,0.003390,46,204,113
-955.524414,-40.397644,0.003400,46,204,113
-957.026489,-40.340424,0.003410,46,204,113
-958.528503,-40.283203,0.003420,46,204,113
-960.531250,-40.283203,0.003430,46,204,113
-962.734253,-40.454865,0.003440,46,204,113
-964.207642,-40.168762,0.003450,46,204,113
-966.253296,-39.825439,0.003460,46,204,113
-967.712402,-39.482117,0.003470,46,204,113
-969.171509,-39.138794,0.003480,46,204,113
-970.630615,-38.795471,0.003490,46,204,113
-972.089783,-38.452148,0.003500,46,204,113
-973.548889,-38.108826,0.003510,46,204,113
-975.007996,-37.765503,0.003520,46,204,113
-976.467163,-37.422180,0.003530,46,204,113
-977.926270,-37.078857,0.003540,46,204,113
-979.557007,-36.849976,0.003550,46,204,113
-980.629944,-37.879944,0.003560,46,204,113
-981.702820,-38.909912,0.003570,46,204,113
-983.433716,-40.683746,0.003580,46,204,113
-985.751160,-42.800903,0.003590,46,204,113
-1384.563477,-89.721680,0.003600,46,204,113
-1383.075684,-89.607239,0.003610,46,204,113
-1381.502197,-89.435577,0.003620,46,204,113
-1380.014404,-89.263916,0.003630,46,204,113
-1378.026001,-88.977814,0.003640,46,204,113
-1375.236572,-88.577271,0.003650,46,204,113
-1372.904785,-88.291168,0.003660,46,204,113
-1371.402710,-88.176727,0.003670,46,204,113
-1369.786255,-88.062286,0.003680,46,204,113
-1368.284180,-87.947845,0.003690,46,204,113
-1366.353027,-87.833405,0.003700,46,204,113
-1364.850952,-87.776184,0.003710,46,204,113
-1362.218872,-87.661743,0.003720,46,204,113
-1360.716797,-87.547302,0.003730,46,204,113
-1358.427979,-87.375641,0.003740,46,204,113
-1354.522705,-87.146759,0.003750,46,204,113
-1504.468872,-91.781616,0.003760,46,204,113
-1505.842163,-92.353821,0.003770,46,204,113
-1508.188232,-93.383789,0.003780,46,204,113
-1509.561523,-93.955994,0.003790,46,204,113
-1511.406860,-94.757080,0.003800,46,204,113
-1512.823120,-95.272064,0.003810,46,204,113
-1514.840088,-95.958710,0.003820,46,204,113
-1517.472290,-96.759796,0.003830,46,204,113
-1518.959961,-96.931458,0.003840,46,204,113
-1520.447754,-97.103119,0.003850,46,204,113
-1521.935425,-97.274780,0.003860,46,204,113
-1523.423218,-97.446442,0.003870,46,204,113
-1526.269897,-97.675323,0.003880,46,204,113
-1527.700439,-98.133087,0.003890,46,204,113
-1529.788940,-98.762512,0.003900,46,204,113
-1531.291016,-98.762512,0.003910,46,204,113
-1533.150635,-98.819733,0.003920,46,204,113
-1534.638428,-98.991394,0.003930,46,204,113
-1536.312134,-99.220276,0.003940,46,204,113
-1537.742676,-99.678040,0.003950,46,204,113
-1539.173096,-100.135803,0.003960,46,204,113
-1540.718018,-100.593567,0.003970,46,204,113
-1542.205811,-100.765228,0.003980,46,204,113
-1543.693604,-100.936890,0.003990,46,204,113
-1545.410156,-101.165771,0.004000,46,204,113
-1546.897949,-101.337433,0.004010,46,204,113
-1548.385620,-101.509094,0.004020,46,204,113
-1550.159424,-101.680756,0.004030,46,204,113
-1551.647217,-101.852417,0.004040,46,204,113
-1554.293579,-102.195740,0.004050,46,204,113
-1555.781372,-102.367401,0.004060,46,204,113
-1557.269043,-102.539062,0.004070,46,204,113
-1559.772461,-102.882385,0.004080,46,204,113
-1562.232910,-103.168488,0.004090,46,204,113
-1565.093994,-103.626251,0.004100,46,204,113
-1566.581787,-103.855133,0.004110,46,204,113
-1568.069458,-104.084015,0.004120,46,204,113
-1569.557129,-104.312897,0.004130,46,204,113
-1572.089233,-104.713440,0.004140,46,204,113
-1573.576904,-104.942322,0.004150,46,204,113
-1575.307861,-105.171204,0.004160,46,204,113
-1576.795532,-105.400085,0.004170,46,204,113
-1578.640991,-105.628967,0.004180,46,204,113
-1580.114380,-105.857849,0.004190,46,204,113
-1582.703613,-106.315613,0.004200,46,204,113
-1584.191284,-106.544495,0.004210,46,204,113
-1585.679077,-106.773376,0.004220,46,204,113
-1588.325439,-107.173920,0.004230,46,204,113
-1589.813232,-107.345581,0.004240,46,204,113
-1591.301025,-107.517242,0.004250,46,204,113
-1593.446777,-107.803345,0.004260,46,204,113
-1594.934448,-107.975006,0.004270,46,204,113
-1596.422241,-108.146667,0.004280,46,204,113
-1598.024414,-108.261108,0.004290,46,204,113
-1599.526367,-108.375549,0.004300,46,204,113
-1601.028442,-108.489990,0.004310,46,204,113
-1603.002563,-108.661652,0.004320,46,204,113
-1604.504639,-108.776093,0.004330,46,204,113
-1606.006592,-108.890533,0.004340,46,204,113
-1608.181030,-109.062195,0.004350,46,204,113
-1609.682983,-109.062195,0.004360,46,204,113
-1611.185059,-109.062195,0.004370,46,204,113
-1613.073364,-109.062195,0.004380,46,204,113
-1614.575439,-109.062195,0.004390,46,204,113
-1616.106079,-109.119415,0.004400,46,204,113
-1617.593750,-109.291077,0.004410,46,204,113
-1619.081543,-109.462738,0.004420,46,204,113
-1620.569214,-109.634399,0.004430,46,204,113
-1622.328735,-109.806061,0.004440,46,204,113
-1623.830811,-109.806061,0.004450,46,204,113
-1625.890747,-109.863281,0.004460,46,204,113
-1627.378418,-110.034943,0.004470,46,204,113
-1628.866211,-110.206604,0.004480,46,204,113
-1630.353882,-110.378265,0.004490,46,204,113
-1632.328003,-110.549927,0.004500,46,204,113
-1633.830078,-110.549927,0.004510,46,204,113
-1635.332153,-110.549927,0.004520,46,204,113
-1636.834106,-110.549927,0.004530,46,204,113
-1638.336182,-110.549927,0.004540,46,204,113
-1639.995605,-110.664368,0.004550,46,204,113
-1641.497559,-110.721588,0.004560,46,204,113
-1642.999634,-110.778809,0.004570,46,204,113
-1645.388550,-110.778809,0.004580,46,204,113
-1648.249634,-110.893250,0.004590,46,204,113
-1870.050415,-136.470795,0.004600,46,204,113
-1871.538208,-136.642456,0.004610,46,204,113
-1873.025879,-136.814117,0.004620,46,204,113
-1874.513672,-136.985779,0.004630,46,204,113
-1877.203003,-137.271881,0.004640,46,204,113
-1878.705078,-137.329102,0.004650,46,204,113
-1880.207031,-137.386322,0.004660,46,204,113
-1881.709106,-137.443542,0.004670,46,204,113
-1883.211182,-137.500763,0.004680,46,204,113
-1886.029297,-137.672424,0.004690,46,204,113
-1887.531250,-137.729645,0.004700,46,204,113
-1889.033325,-137.786865,0.004710,46,204,113
-1890.535400,-137.844086,0.004720,46,204,113
-1892.037354,-137.901306,0.004730,46,204,113
-1893.539429,-137.958527,0.004740,46,204,113
-1895.098633,-137.901306,0.004750,46,204,113
-1896.600708,-138.015747,0.004760,46,204,113
-1898.102783,-138.130188,0.004770,46,204,113
-1899.604736,-138.244629,0.004780,46,204,113
-1901.106812,-138.359070,0.004790,46,204,113
-1903.581665,-138.587952,0.004800,46,204,113
-1905.026489,-138.988495,0.004810,46,204,113
-1906.471191,-139.389038,0.004820,46,204,113
-1908.116333,-139.789581,0.004830,46,204,113
-1909.518188,-140.304565,0.004840,46,204,113
-1910.920166,-140.819550,0.004850,46,204,113
-1912.851318,-141.620636,0.004860,46,204,113
-1914.196045,-142.250061,0.004870,46,204,113
-1915.540649,-142.879486,0.004880,46,204,113
-1916.885376,-143.508911,0.004890,46,204,113
-1918.416016,-144.309998,0.004900,46,204,113
-1919.760742,-144.996643,0.004910,46,204,113
-1922.020874,-146.083832,0.004920,46,204,113
-1923.451416,-146.541595,0.004930,46,204,113
-1924.881958,-146.999359,0.004940,46,204,113
-1926.312500,-147.457123,0.004950,46,204,113
-1927.742920,-147.914886,0.004960,46,204,113
-1929.459595,-148.372650,0.004970,46,204,113
-1930.890137,-148.830414,0.004980,46,204,113
-1932.878540,-149.402618,0.004990,46,204,113
-1934.323364,-149.803162,0.005000,46,204,113
-1935.768066,-150.203705,0.005010,46,204,113
-1937.212891,-150.604248,0.005020,46,204,113
-1938.657715,-151.004791,0.005030,46,204,113
-1940.846436,-151.691437,0.005040,46,204,113
-1942.234009,-152.263641,0.005050,46,204,113
-1943.621582,-152.835846,0.005060,46,204,113
-1946.353882,-153.923035,0.005070,46,204,113
-1947.712891,-154.552460,0.005080,46,204,113
-1949.071899,-155.181885,0.005090,46,204,113
-1951.131836,-156.154633,0.005100,46,204,113
-1952.590942,-156.497955,0.005110,46,204,113
-1954.050049,-156.841278,0.005120,46,204,113
-1956.296021,-157.356262,0.005130,46,204,113
-1957.755127,-157.699585,0.005140,46,204,113
-1959.214233,-158.042908,0.005150,46,204,113
-1960.673340,-158.386230,0.005160,46,204,113
-1962.847656,-158.958435,0.005170,46,204,113
-1964.249634,-159.473419,0.005180,46,204,113
-1966.667236,-160.388947,0.005190,46,204,113
-1967.968994,-161.132812,0.005200,46,204,113
-1969.270752,-161.876678,0.005210,46,204,113
-1970.915771,-162.792206,0.005220,46,204,113
-1972.188965,-163.593292,0.005230,46,204,113
-1973.462158,-164.394379,0.005240,46,204,113
-1974.735229,-165.195465,0.005250,46,204,113
-1977.095581,-166.568756,0.005260,46,204,113
-1978.354492,-167.369843,0.005270,46,204,113
-1980.829224,-169.029236,0.005280,46,204,113
-1982.202515,-169.601440,0.005290,46,204,113
-1983.575806,-170.173645,0.005300,46,204,113
-1985.034912,-170.860291,0.005310,46,204,113
-1986.422485,-171.432495,0.005320,46,204,113
-1987.810181,-172.004700,0.005330,46,204,113
-1989.197754,-172.576904,0.005340,46,204,113
-1990.814209,-173.263550,0.005350,46,204,113
-1991.686768,-174.980164,0.005360,46,204,113
-1993.017212,-175.666809,0.005370,46,204,113
-1994.347534,-176.353455,0.005380,46,204,113
-1995.677979,-177.040100,0.005390,46,204,113
-1997.737915,-178.184509,0.005400,46,204,113
-1999.139771,-178.699493,0.005410,46,204,113
-2000.541748,-179.214478,0.005420,46,204,113
-2001.943604,-179.729462,0.005430,46,204,113
-2003.345459,-180.244446,0.005440,46,204,113
-2005.691528,-181.274414,0.005450,46,204,113
-2007.136353,-181.674957,0.005460,46,204,113
-2008.581177,-182.075500,0.005470,46,204,113
-2010.026001,-182.476044,0.005480,46,204,113
-2011.470825,-182.876587,0.005490,46,204,113
-2013.187378,-183.219910,0.005500,46,204,113
-2014.632202,-183.620453,0.005510,46,204,113
-2016.077026,-184.020996,0.005520,46,204,113
-2018.580444,-184.764862,0.005530,46,204,113
-2020.039551,-185.108185,0.005540,46,204,113
-2021.498657,-185.451508,0.005550,46,204,113
-2022.957764,-185.794830,0.005560,46,204,113
-2024.416870,-186.138153,0.005570,46,204,113
-2026.219360,-186.653137,0.005580,46,204,113
-2027.621216,-187.168121,0.005590,46,204,113
-2029.023193,-187.683105,0.005600,46,204,113
-2030.811279,-188.369751,0.005610,46,204,113
-2032.241821,-188.827515,0.005620,46,204,113
-2033.672363,-189.285278,0.005630,46,204,113
-2035.760864,-189.971924,0.005640,46,204,113
-2037.177124,-190.486908,0.005650,46,204,113
-2038.593262,-191.001892,0.005660,46,204,113
-2040.009521,-191.516876,0.005670,46,204,113
-2041.897827,-192.146301,0.005680,46,204,113
-2043.256714,-192.775726,0.005690,46,204,113
-2044.615723,-193.405151,0.005700,46,204,113
-2046.432495,-194.320679,0.005710,46,204,113
-2048.721191,-195.236206,0.005720,46,204,113
-2050.123291,-195.751190,0.005730,46,204,113
-2051.525146,-196.266174,0.005740,46,204,113
-2052.927002,-196.781158,0.005750,46,204,113
-2054.328857,-197.296143,0.005760,46,204,113
-2055.730713,-197.811127,0.005770,46,204,113
-2057.132812,-198.326111,0.005780,46,204,113
-2058.520264,-198.955536,0.005790,46,204,113
-2059.907959,-199.527740,0.005800,46,204,113
-2061.295410,-200.099945,0.005810,46,204,113
-2062.683105,-200.672150,0.005820,46,204,113
-2064.070801,-201.244354,0.005830,46,204,113
-2065.458252,-201.816559,0.005840,46,204,113
-2066.917480,-202.445984,0.005850,46,204,113
-2074.499023,-205.364227,0.005860,46,204,113
-2827.448730,-285.930634,0.005870,46,204,113
-2828.950928,-285.987854,0.005880,46,204,113
-2830.610352,-286.045074,0.005890,46,204,113
-2832.097900,-286.216736,0.005900,46,204,113
-2833.585693,-286.388397,0.005910,46,204,113
-2835.931885,-286.674500,0.005920,46,204,113
-2837.433838,-286.731720,0.005930,46,204,113
-2838.935791,-286.788940,0.005940,46,204,113
-2840.952881,-286.903381,0.005950,46,204,113
-2842.454834,-286.788940,0.005960,46,204,113
-2845.158691,-286.617279,0.005970,46,204,113
-2846.660645,-286.674500,0.005980,46,204,113
-2848.377197,-286.788940,0.005990,46,204,113
-2849.864990,-286.960602,0.006000,46,204,113
-2852.583008,-287.246704,0.006010,46,204,113
-2854.070557,-287.418365,0.006020,46,204,113
-2856.430908,-287.761688,0.006030,46,204,113
-2857.933105,-287.818909,0.006040,46,204,113
-2859.435059,-287.876129,0.006050,46,204,113
-2861.452148,-288.047791,0.006060,46,204,113
-2862.939941,-288.219452,0.006070,46,204,113
-2864.427490,-288.391113,0.006080,46,204,113
-2865.915283,-288.562775,0.006090,46,204,113
-2868.590332,-288.734436,0.006100,46,204,113
-2870.092285,-288.791656,0.006110,46,204,113
-2872.610107,-288.963318,0.006120,46,204,113
-2874.097900,-289.134979,0.006130,46,204,113
-2876.830078,-289.421082,0.006140,46,204,113
-2878.303467,-289.707184,0.006150,46,204,113
-2880.492188,-290.107727,0.006160,46,204,113
-2881.965576,-290.393829,0.006170,46,204,113
-2883.438965,-290.679932,0.006180,46,204,113
-2884.912598,-290.966034,0.006190,46,204,113
-2886.514648,-291.309357,0.006200,46,204,113
-2887.988037,-291.595459,0.006210,46,204,113
-2890.491455,-292.053223,0.006220,46,204,113
-2891.964844,-292.339325,0.006230,46,204,113
-2894.840332,-292.968750,0.006240,46,204,113
-2896.327881,-293.197632,0.006250,46,204,113
-2897.815674,-293.426514,0.006260,46,204,113
-2899.732666,-293.712616,0.006270,46,204,113
-2901.220215,-293.941498,0.006280,46,204,113
-2902.708008,-294.170380,0.006290,46,204,113
-2904.195801,-294.399261,0.006300,46,204,113
-2907.013916,-294.857025,0.006310,46,204,113
-2912.149414,-295.200348,0.006320,46,204,113
-3004.345947,-301.551819,0.006330,46,204,113
-3005.804932,-301.895142,0.006340,46,204,113
-3007.264160,-302.238464,0.006350,46,204,113
-3009.882080,-302.753448,0.006360,46,204,113
-3011.384033,-302.867889,0.006370,46,204,113
-3014.116211,-303.039551,0.006380,46,204,113
-3015.618408,-303.039551,0.006390,46,204,113
-3017.120361,-303.039551,0.006400,46,204,113
-3018.851318,-303.096771,0.006410,46,204,113
-3020.339111,-303.325653,0.006420,46,204,113
-3022.828125,-303.726196,0.006430,46,204,113
-3024.287109,-304.069519,0.006440,46,204,113
-3026.933594,-304.698944,0.006450,46,204,113
-3028.421387,-304.870605,0.006460,46,204,113
-3029.909180,-305.042267,0.006470,46,204,113
-3031.640137,-305.156708,0.006480,46,204,113
-3033.127686,-305.271149,0.006490,46,204,113
-3034.615479,-305.385590,0.006500,46,204,113
-3036.103271,-305.500031,0.006510,46,204,113
-3037.591064,-305.614471,0.006520,46,204,113
-3039.765381,-305.843353,0.006530,46,204,113
-3041.238770,-306.072235,0.006540,46,204,113
-3043.613525,-306.472778,0.006550,46,204,113
-3045.101074,-306.587219,0.006560,46,204,113
-3046.588867,-306.701660,0.006570,46,204,113
-3048.076660,-306.816101,0.006580,46,204,113
-3050.308105,-307.044983,0.006590,46,204,113
-3051.781738,-307.331085,0.006600,46,204,113
-3053.255127,-307.617188,0.006610,46,204,113
-3054.728516,-307.903290,0.006620,46,204,113
-3056.201904,-308.189392,0.006630,46,204,113
-3057.947266,-308.647156,0.006640,46,204,113
-3059.434814,-308.818817,0.006650,46,204,113
-3060.922607,-308.990479,0.006660,46,204,113
-3062.410400,-309.162140,0.006670,46,204,113
-3064.083984,-309.448242,0.006680,46,204,113
-3065.586182,-309.562683,0.006690,46,204,113
-3067.088135,-309.677124,0.006700,46,204,113
-3069.448486,-309.848785,0.006710,46,204,113
-3070.950439,-309.848785,0.006720,46,204,113
-3072.452637,-309.848785,0.006730,46,204,113
-3073.954590,-309.848785,0.006740,46,204,113
-3075.456543,-309.848785,0.006750,46,204,113
-3076.958740,-309.848785,0.006760,46,204,113
-3079.004395,-309.791565,0.006770,46,204,113
-3080.506348,-309.848785,0.006780,46,204,113
-3082.008301,-309.906006,0.006790,46,204,113
-3083.510498,-309.963226,0.006800,46,204,113
-3085.312744,-309.963226,0.006810,46,204,113
-3086.814941,-310.077667,0.006820,46,204,113
-3088.316895,-310.192108,0.006830,46,204,113
-3089.818848,-310.306549,0.006840,46,204,113
-3092.250732,-310.420990,0.006850,46,204,113
-3093.752930,-310.420990,0.006860,46,204,113
-3095.254883,-310.420990,0.006870,46,204,113
-3097.815430,-310.478210,0.006880,46,204,113
-3099.317627,-310.592651,0.006890,46,204,113
-3100.819580,-310.707092,0.006900,46,204,113
-3102.321533,-310.821533,0.006910,46,204,113
-3104.953857,-310.993195,0.006920,46,204,113
-3106.441406,-311.164856,0.006930,46,204,113
-3107.929199,-311.336517,0.006940,46,204,113
-3109.717285,-311.622620,0.006950,46,204,113
-3111.205078,-311.851501,0.006960,46,204,113
-3112.692871,-312.080383,0.006970,46,204,113
-3114.180664,-312.309265,0.006980,46,204,113
-3115.997314,-312.480927,0.006990,46,204,113
-3117.485107,-312.652588,0.007000,46,204,113
-3118.972656,-312.824249,0.007010,46,204,113
-3120.889648,-313.053131,0.007020,46,204,113
-3122.334473,-313.453674,0.007030,46,204,113
-3123.779297,-313.854218,0.007040,46,204,113
-3125.681885,-314.426422,0.007050,46,204,113
-3127.169678,-314.655304,0.007060,46,204,113
-3128.657227,-314.884186,0.007070,46,204,113
-3130.145020,-315.113068,0.007080,46,204,113
-3131.632812,-315.341949,0.007090,46,204,113
-3134.193359,-315.742493,0.007100,46,204,113
-3135.695557,-315.856934,0.007110,46,204,113
-3137.197510,-315.971375,0.007120,46,204,113
-3138.699463,-316.085815,0.007130,46,204,113
-3140.201660,-316.200256,0.007140,46,204,113
-3141.789551,-316.200256,0.007150,46,204,113
-3143.291504,-316.200256,0.007160,46,204,113
-3145.995117,-316.200256,0.007170,46,204,113
-3147.497070,-316.143036,0.007180,46,204,113
-3148.999268,-316.085815,0.007190,46,204,113
-3150.715820,-316.028595,0.007200,46,204,113
-3152.217773,-315.914154,0.007210,46,204,113
-3153.719971,-315.799713,0.007220,46,204,113
-3155.293457,-315.685272,0.007230,46,204,113
-3156.781250,-315.513611,0.007240,46,204,113
-3158.269043,-315.341949,0.007250,46,204,113
-3159.756592,-315.170288,0.007260,46,204,113
-3161.244385,-314.998627,0.007270,46,204,113
-3162.732178,-314.826965,0.007280,46,204,113
-3164.219971,-314.655304,0.007290,46,204,113
-3165.707520,-314.483643,0.007300,46,204,113
-3167.467041,-314.369202,0.007310,46,204,113
-3172.588379,-313.625336,0.007320,46,204,113
-4132.347168,-518.474609,0.007330,46,204,113
-4133.763184,-518.016846,0.007340,46,204,113
-4135.179688,-517.559082,0.007350,46,204,113
-4136.595703,-517.101318,0.007360,46,204,113
-4138.011719,-516.643555,0.007370,46,204,113
-4139.428223,-516.185791,0.007380,46,204,113
-4140.844238,-515.728027,0.007390,46,204,113
-4142.260742,-515.270264,0.007400,46,204,113
-4143.676758,-514.812500,0.007410,46,204,113
-4145.937012,-513.896973,0.007420,46,204,113
-4147.310059,-513.324707,0.007430,46,204,113
-4148.683594,-512.752563,0.007440,46,204,113
-4150.056641,-512.180298,0.007450,46,204,113
-4151.430176,-511.608124,0.007460,46,204,113
-4152.803223,-511.035919,0.007470,46,204,113
-4154.176758,-510.463715,0.007480,46,204,113
-4155.549805,-509.891510,0.007490,46,204,113
-4156.923340,-509.319305,0.007500,46,204,113
-4159.583984,-508.060455,0.007510,46,204,113
-4161.014648,-507.602692,0.007520,46,204,113
-4162.445312,-507.144928,0.007530,46,204,113
-4163.875488,-506.687164,0.007540,46,204,113
-4165.306152,-506.229401,0.007550,46,204,113
-4166.736816,-505.771637,0.007560,46,204,113
-4168.166992,-505.313873,0.007570,46,204,113
-4169.597656,-504.856110,0.007580,46,204,113
-4171.657715,-504.055023,0.007590,46,204,113
-4173.044922,-503.482819,0.007600,46,204,113
-4174.432617,-502.910614,0.007610,46,204,113
-4175.820312,-502.338409,0.007620,46,204,113
-4177.208008,-501.766205,0.007630,46,204,113
-4179.296387,-500.850677,0.007640,46,204,113
-4180.598145,-500.106812,0.007650,46,204,113
-4181.899902,-499.362946,0.007660,46,204,113
-4183.201660,-498.619080,0.007670,46,204,113
-4184.589355,-497.817993,0.007680,46,204,113
-4185.891113,-497.074127,0.007690,46,204,113
-4187.192871,-496.330261,0.007700,46,204,113
-4189.553223,-495.014191,0.007710,46,204,113
-4190.854980,-494.270325,0.007720,46,204,113
-4192.156738,-493.526459,0.007730,46,204,113
-4193.458496,-492.782593,0.007740,46,204,113
-4195.475586,-491.580963,0.007750,46,204,113
-4196.820312,-490.951538,0.007760,46,204,113
-4198.165039,-490.322113,0.007770,46,204,113
-4200.439453,-489.177704,0.007780,46,204,113
-4201.727051,-488.433838,0.007790,46,204,113
-4203.858398,-487.174988,0.007800,46,204,113
-4205.217285,-486.545563,0.007810,46,204,113
-4206.576172,-485.916138,0.007820,46,204,113
-4207.935547,-485.286713,0.007830,46,204,113
-4209.380371,-484.542847,0.007840,46,204,113
-4210.682129,-483.798981,0.007850,46,204,113
-4211.983887,-483.055115,0.007860,46,204,113
-4213.614258,-482.082367,0.007870,46,204,113
-4214.916016,-481.338501,0.007880,46,204,113
-4216.217773,-480.594635,0.007890,46,204,113
-4217.519531,-479.850769,0.007900,46,204,113
-4218.821289,-479.106903,0.007910,46,204,113
-4220.123047,-478.363037,0.007920,46,204,113
-4221.425293,-477.619171,0.007930,46,204,113
-4222.727051,-476.875305,0.007940,46,204,113
-4224.028809,-476.131439,0.007950,46,204,113
-4225.330566,-475.387573,0.007960,46,204,113
-4226.632324,-474.643707,0.007970,46,204,113
-4227.934082,-473.899841,0.007980,46,204,113
-4229.979492,-472.869873,0.007990,46,204,113
-4231.281250,-472.126007,0.008000,46,204,113
-4232.583008,-471.382141,0.008010,46,204,113
-4233.884766,-470.638275,0.008020,46,204,113
-4235.372559,-469.837189,0.008030,46,204,113
-4236.560059,-468.921661,0.008040,46,204,113
-4237.747070,-468.006134,0.008050,46,204,113
-4239.850098,-466.346741,0.008060,46,204,113
-4240.894531,-465.259552,0.008070,46,204,113
-4241.938477,-464.172363,0.008080,46,204,113
-4243.841309,-462.284088,0.008090,46,204,113
-4252.910645,-454.673767,0.008100,46,204,113
-4398.622559,-347.557068,0.008110,46,204,113
-4399.924316,-346.813202,0.008120,46,204,113
-4402.341797,-345.439911,0.008130,46,204,113
-4403.228516,-344.238281,0.008140,46,204,113
-4404.115723,-343.036652,0.008150,46,204,113
-4405.002441,-341.835022,0.008160,46,204,113
-4405.889648,-340.633392,0.008170,46,204,113
-4406.776367,-339.431763,0.008180,46,204,113
-4407.791992,-338.001251,0.008190,46,204,113
-4408.779297,-336.856842,0.008200,46,204,113
-4409.766113,-335.712433,0.008210,46,204,113
-4410.753418,-334.568024,0.008220,46,204,113
-4411.740234,-333.423615,0.008230,46,204,113
-4412.727539,-332.279205,0.008240,46,204,113
-4414.443848,-330.333710,0.008250,46,204,113
-4415.073242,-328.960419,0.008260,46,204,113
-4415.702637,-327.587128,0.008270,46,204,113
-4416.332031,-326.213837,0.008280,46,204,113
-4416.961914,-324.840546,0.008290,46,204,113
-4417.591309,-323.467255,0.008300,46,204,113
-4418.535156,-321.464539,0.008310,46,204,113
-4419.307617,-320.205688,0.008320,46,204,113
-4420.080078,-318.946838,0.008330,46,204,113
-4420.852539,-317.687988,0.008340,46,204,113
-4421.968262,-315.742493,0.008350,46,204,113
-4422.826660,-314.540863,0.008360,46,204,113
-4423.685059,-313.339233,0.008370,46,204,113
-4424.543457,-312.137604,0.008380,46,204,113
-4425.458984,-310.764313,0.008390,46,204,113
-4426.302734,-309.505463,0.008400,46,204,113
-4427.247070,-308.132172,0.008410,46,204,113
-4428.019531,-306.873322,0.008420,46,204,113
-4429.521484,-304.355621,0.008430,46,204,113
-4430.293945,-303.096771,0.008440,46,204,113
-4431.810547,-300.579071,0.008450,46,204,113
-4432.668457,-299.320221,0.008460,46,204,113
-4433.526855,-298.061371,0.008470,46,204,113
-4434.385254,-296.802521,0.008480,46,204,113
-4435.243652,-295.543671,0.008490,46,204,113
-4436.130371,-294.342041,0.008500,46,204,113
-4436.788574,-292.968750,0.008510,46,204,113
-4437.446777,-291.595459,0.008520,46,204,113
-4438.104492,-290.222168,0.008530,46,204,113
-4438.762695,-288.848877,0.008540,46,204,113
-4439.420898,-287.475586,0.008550,46,204,113
-4440.693848,-284.900665,0.008560,46,204,113
-4441.294434,-283.527374,0.008570,46,204,113
-4441.895508,-282.154083,0.008580,46,204,113
-4442.496094,-280.780792,0.008590,46,204,113
-4443.254395,-279.006958,0.008600,46,204,113
-4443.769531,-277.576447,0.008610,46,204,113
-4444.284668,-276.145935,0.008620,46,204,113
-4444.799316,-274.715424,0.008630,46,204,113
-4445.314453,-273.284912,0.008640,46,204,113
-4445.829590,-271.854401,0.008650,46,204,113
-4446.888184,-269.165039,0.008660,46,204,113
-4447.245605,-267.734528,0.008670,46,204,113
-4447.603027,-266.304016,0.008680,46,204,113
-4447.960938,-264.873505,0.008690,46,204,113
-4448.318359,-263.271332,0.008700,46,204,113
-4448.661621,-261.783600,0.008710,46,204,113
-4449.262695,-259.208679,0.008720,46,204,113
-4449.577148,-257.720947,0.008730,46,204,113
-4450.178223,-254.917145,0.008740,46,204,113
-4450.664551,-253.486633,0.008750,46,204,113
-4451.165039,-252.056122,0.008760,46,204,113
-4451.937500,-250.797272,0.008770,46,204,113
-4453.196289,-248.680115,0.008780,46,204,113
-4453.683105,-247.249603,0.008790,46,204,113
-4454.169434,-245.819092,0.008800,46,204,113
-4454.755859,-244.159698,0.008810,46,204,113
-4455.041992,-242.671967,0.008820,46,204,113
-4455.328125,-241.184235,0.008830,46,204,113
-4455.614258,-239.696503,0.008840,46,204,113
-4455.900391,-238.208771,0.008850,46,204,113
-4456.186523,-236.721039,0.008860,46,204,113
-4456.472168,-235.233307,0.008870,46,204,113
-4456.758301,-233.745575,0.008880,46,204,113
-4457.044434,-232.257843,0.008890,46,204,113
-4457.559570,-229.854584,0.008900,46,204,113
-4457.759766,-228.366852,0.008910,46,204,113
-4457.959961,-226.879120,0.008920,46,204,113
-4458.289062,-224.533081,0.008930,46,204,113
-4458.518066,-223.045349,0.008940,46,204,113
-4458.747070,-221.557617,0.008950,46,204,113
-4458.975586,-220.069885,0.008960,46,204,113
-4459.204590,-218.410492,0.008970,46,204,113
-4459.247559,-216.922760,0.008980,46,204,113
-4459.290527,-215.435028,0.008990,46,204,113
-4459.333496,-213.947296,0.009000,46,204,113
-4459.376465,-212.459564,0.009010,46,204,113
-4459.447754,-210.342407,0.009020,46,204,113
-4459.547852,-208.854675,0.009030,46,204,113
-4459.662598,-207.080841,0.009040,46,204,113
-4460.334961,-205.764771,0.009050,46,204,113
-4461.178711,-204.048157,0.009060,46,204,113
-4461.378906,-202.560425,0.009070,46,204,113
-4461.579102,-201.072693,0.009080,46,204,113
-4461.951172,-198.497772,0.009090,46,204,113
-4461.808105,-197.010040,0.009100,46,204,113
-4461.665039,-195.522308,0.009110,46,204,113
-4461.521973,-194.034576,0.009120,46,204,113
-4461.378906,-192.546844,0.009130,46,204,113
-4461.235840,-191.059113,0.009140,46,204,113
-4461.121582,-189.514160,0.009150,46,204,113
-4460.849609,-188.026428,0.009160,46,204,113
-4460.578125,-186.538696,0.009170,46,204,113
-4460.263184,-184.764862,0.009180,46,204,113
-4459.905762,-183.334351,0.009190,46,204,113
-4459.547852,-181.903839,0.009200,46,204,113
-4459.190430,-180.473328,0.009210,46,204,113
-4458.632324,-178.241730,0.009220,46,204,113
-4458.260742,-176.811218,0.009230,46,204,113
-4457.888672,-175.380707,0.009240,46,204,113
-4457.516602,-173.950195,0.009250,46,204,113
-4457.044434,-172.061920,0.009260,46,204,113
-4456.543945,-170.631409,0.009270,46,204,113
-4456.043457,-169.200897,0.009280,46,204,113
-4455.499512,-167.655945,0.009290,46,204,113
-4454.855957,-166.282654,0.009300,46,204,113
-4454.212402,-164.909363,0.009310,46,204,113
-4452.996094,-162.334442,0.009320,46,204,113
-4452.381348,-160.961151,0.009330,46,204,113
-4451.465820,-158.958435,0.009340,46,204,113
-4450.092285,-156.669617,0.009350,46,204,113
-4449.205566,-155.467987,0.009360,46,204,113
-4447.703125,-153.408051,0.009370,46,204,113
-4446.215820,-151.920319,0.009380,46,204,113
-4444.327148,-150.318146,0.009390,46,204,113
-4336.538086,-90.923309,0.009400,46,204,113
-4338.040527,-90.980530,0.009410,46,204,113
-4339.871582,-91.094971,0.009420,46,204,113
-4341.373535,-91.209412,0.009430,46,204,113
-4342.875488,-91.323853,0.009440,46,204,113
-4344.377441,-91.438293,0.009450,46,204,113
-4346.180176,-91.495514,0.009460,46,204,113
-4347.667480,-91.667175,0.009470,46,204,113
-4349.155273,-91.838837,0.009480,46,204,113
-4350.643066,-92.010498,0.009490,46,204,113
-4352.130859,-92.182159,0.009500,46,204,113
-4353.618652,-92.353821,0.009510,46,204,113
-4355.106445,-92.525482,0.009520,46,204,113
-4356.594238,-92.697144,0.009530,46,204,113
-4358.082031,-92.868805,0.009540,46,204,113
-4359.569336,-93.040466,0.009550,46,204,113
-4361.057129,-93.212128,0.009560,46,204,113
-4362.559082,-93.441010,0.009570,46,204,113
-4374.575684,-95.443726,0.009580,46,204,113
-3913.893799,-107.975006,0.009590,46,204,113
-3912.391602,-108.032227,0.009600,46,204,113
-3910.889648,-108.089447,0.009610,46,204,113
-3909.387695,-108.146667,0.009620,46,204,113
-3907.885498,-108.203888,0.009630,46,204,113
-3906.383545,-108.261108,0.009640,46,204,113
-3904.881592,-108.318329,0.009650,46,204,113
-3903.379395,-108.375549,0.009660,46,204,113
-3901.877441,-108.432770,0.009670,46,204,113
-3900.375488,-108.489990,0.009680,46,204,113
-3898.873291,-108.547211,0.009690,46,204,113
-3897.371338,-108.604431,0.009700,46,204,113
-3895.869141,-108.661652,0.009710,46,204,113
-3894.367188,-108.718872,0.009720,46,204,113
-3892.164307,-108.547211,0.009730,46,204,113
-3890.662109,-108.432770,0.009740,46,204,113
-3889.160156,-108.318329,0.009750,46,204,113
-3887.658203,-108.203888,0.009760,46,204,113
-3886.156006,-108.089447,0.009770,46,204,113
-3884.654053,-107.975006,0.009780,46,204,113
-3883.152100,-107.860565,0.009790,46,204,113
-3881.649902,-107.746124,0.009800,46,204,113
-3879.246826,-107.631683,0.009810,46,204,113
-3877.816162,-107.173920,0.009820,46,204,113
-3876.385742,-106.716156,0.009830,46,204,113
-3874.955078,-106.258392,0.009840,46,204,113
-3873.524658,-105.800629,0.009850,46,204,113
-3872.094238,-105.342865,0.009860,46,204,113
-3870.663574,-104.885101,0.009870,46,204,113
-3868.803955,-104.484558,0.009880,46,204,113
-3867.402100,-103.912354,0.009890,46,204,113
-3866.000244,-103.340149,0.009900,46,204,113
-3864.598389,-102.767944,0.009910,46,204,113
-3863.196289,-102.195740,0.009920,46,204,113
-3861.794434,-101.623535,0.009930,46,204,113
-3860.392578,-101.051331,0.009940,46,204,113
-3858.003662,-100.250244,0.009950,46,204,113
-3856.601807,-99.735260,0.009960,46,204,113
-3855.199707,-99.220276,0.009970,46,204,113
-3853.797852,-98.705292,0.009980,46,204,113
-3852.395996,-98.190308,0.009990,46,204,113
-3850.994141,-97.675323,0.010000,46,204,113
-3849.592285,-97.160339,0.010010,46,204,113
-3847.375000,-96.130371,0.010020,46,204,113
-3846.144775,-95.272064,0.010030,46,204,113
-3844.914551,-94.413757,0.010040,46,204,113
-3843.684082,-93.555450,0.010050,46,204,113
-3841.409668,-91.953278,0.010060,46,204,113
-3840.279541,-90.980530,0.010070,46,204,113
-3839.149414,-90.007782,0.010080,46,204,113
-3838.019287,-89.035034,0.010090,46,204,113
-3836.889160,-88.062286,0.010100,46,204,113
-3835.644775,-86.975098,0.010110,46,204,113
-3834.400146,-86.174011,0.010120,46,204,113
-3833.155518,-85.372925,0.010130,46,204,113
-3831.911133,-84.571838,0.010140,46,204,113
-3830.022705,-83.255768,0.010150,46,204,113
-3828.620850,-82.740784,0.010160,46,204,113
-3827.218994,-82.225800,0.010170,46,204,113
-3825.817139,-81.710815,0.010180,46,204,113
-3823.127686,-80.623627,0.010190,46,204,113
-3821.682861,-80.223083,0.010200,46,204,113
-3820.238037,-79.822540,0.010210,46,204,113
-3818.793213,-79.421997,0.010220,46,204,113
-3816.204102,-78.678131,0.010230,46,204,113
-3814.730713,-78.392029,0.010240,46,204,113
-3813.257324,-78.105927,0.010250,46,204,113
-3811.783691,-77.819824,0.010260,46,204,113
-3810.310303,-77.533722,0.010270,46,204,113
-3807.935791,-77.018738,0.010280,46,204,113
-3806.447998,-76.789856,0.010290,46,204,113
-3804.960205,-76.560974,0.010300,46,204,113
-3803.472412,-76.332092,0.010310,46,204,113
-3801.984863,-76.103210,0.010320,46,204,113
-3800.497070,-75.874329,0.010330,46,204,113
-3799.009277,-75.645447,0.010340,46,204,113
-3797.521484,-75.416565,0.010350,46,204,113
-3796.033936,-75.187683,0.010360,46,204,113
-3794.546143,-74.958801,0.010370,46,204,113
-3791.956787,-74.615479,0.010380,46,204,113
-3790.512207,-74.214935,0.010390,46,204,113
-3789.067383,-73.814392,0.010400,46,204,113
-3787.622559,-73.413849,0.010410,46,204,113
-3786.177734,-73.013306,0.010420,46,204,113
-3784.732910,-72.612762,0.010430,46,204,113
-3783.288086,-72.212219,0.010440,46,204,113
-3781.127930,-71.468353,0.010450,46,204,113
-3779.711670,-70.953369,0.010460,46,204,113
-3778.295410,-70.438385,0.010470,46,204,113
-3776.879395,-69.923401,0.010480,46,204,113
-3775.463135,-69.408417,0.010490,46,204,113
-3774.046875,-68.893433,0.010500,46,204,113
-3772.630615,-68.378448,0.010510,46,204,113
-3771.214600,-67.863464,0.010520,46,204,113
-3768.610840,-66.947937,0.010530,46,204,113
-3767.266357,-66.261292,0.010540,46,204,113
-3765.921631,-65.574646,0.010550,46,204,113
-3764.576904,-64.888000,0.010560,46,204,113
-3763.232178,-64.201355,0.010570,46,204,113
-3761.229492,-63.343048,0.010580,46,204,113
-3759.856201,-62.713623,0.010590,46,204,113
-3758.482910,-62.084198,0.010600,46,204,113
-3756.136963,-61.111450,0.010610,46,204,113
-3754.806641,-60.424805,0.010620,46,204,113
-3753.476074,-59.738159,0.010630,46,204,113
-3752.145752,-59.051514,0.010640,46,204,113
-3750.643799,-58.307648,0.010650,46,204,113
-3749.270508,-57.678223,0.010660,46,204,113
-3747.897217,-57.048798,0.010670,46,204,113
-3745.708496,-56.076050,0.010680,46,204,113
-3742.761719,-54.874420,0.010690,46,204,113
-3253.269287,102.481842,0.010700,46,204,113
-3251.767090,102.539062,0.010710,46,204,113
-3249.792969,102.596283,0.010720,46,204,113
-3248.319580,102.310181,0.010730,46,204,113
-3246.789062,101.966858,0.010740,46,204,113
-3244.986572,101.795197,0.010750,46,204,113
-3243.570312,102.252960,0.010760,46,204,113
-3242.154053,102.710724,0.010770,46,204,113
-3240.537598,103.282928,0.010780,46,204,113
-3239.121338,103.740692,0.010790,46,204,113
-3237.690918,104.255676,0.010800,46,204,113
-3236.203125,104.484558,0.010810,46,204,113
-3233.656982,104.827881,0.010820,46,204,113
-3229.637207,105.743408,0.010830,46,204,113
-3222.899414,107.631683,0.010840,46,204,113
-3221.440430,107.975006,0.010850,46,204,113
-3219.981201,108.318329,0.010860,46,204,113
-3218.521973,108.661652,0.010870,46,204,113
-3217.062988,109.004974,0.010880,46,204,113
-3215.603760,109.348297,0.010890,46,204,113
-3212.757080,109.863281,0.010900,46,204,113
-3211.283691,110.149384,0.010910,46,204,113
-3209.810303,110.435486,0.010920,46,204,113
-3208.279541,110.721588,0.010930,46,204,113
-3206.963623,111.465454,0.010940,46,204,113
-3204.832031,112.609863,0.010950,46,204,113
-3203.373047,112.953186,0.010960,46,204,113
-3201.513184,113.353729,0.010970,46,204,113
-3200.025635,113.525391,0.010980,46,204,113
-3198.537842,113.697052,0.010990,46,204,113
-3196.349121,113.868713,0.011000,46,204,113
-3193.416504,114.154816,0.011010,46,204,113
-3192.072021,115.184784,0.011020,46,204,113
-3190.698730,115.756989,0.011030,46,204,113
-3188.452637,116.729736,0.011040,46,204,113
-3186.965088,116.901398,0.011050,46,204,113
-3184.518799,117.244720,0.011060,46,204,113
-3183.274170,117.645264,0.011070,46,204,113
-3181.800781,117.931366,0.011080,46,204,113
-3180.327393,118.217468,0.011090,46,204,113
-3178.854004,118.503571,0.011100,46,204,113
-3177.294678,118.789673,0.011110,46,204,113
-3175.835693,119.132996,0.011120,46,204,113
-3174.376465,119.476318,0.011130,46,204,113
-3172.917480,119.819641,0.011140,46,204,113
-3170.342529,120.449066,0.011150,46,204,113
-3168.883301,120.792389,0.011160,46,204,113
-3166.265381,121.421814,0.011170,46,204,113
-3164.806396,121.765137,0.011180,46,204,113
-3162.202881,122.337341,0.011190,46,204,113
-3160.715088,122.566223,0.011200,46,204,113
-3159.227295,122.795105,0.011210,46,204,113
-3156.752686,123.081207,0.011220,46,204,113
-3153.934570,123.653412,0.011230,46,204,113
-3152.460938,123.882294,0.011240,46,204,113
-3150.444092,124.225616,0.011250,46,204,113
-3148.941895,124.168396,0.011260,46,204,113
-3146.123779,123.996735,0.011270,46,204,113
-3143.978027,124.797821,0.011280,46,204,113
-3142.604736,125.370026,0.011290,46,204,113
-3141.231445,125.942230,0.011300,46,204,113
-3139.858154,126.514435,0.011310,46,204,113
-3138.170166,127.315521,0.011320,46,204,113
-3136.739746,127.773285,0.011330,46,204,113
-3135.309326,128.231049,0.011340,46,204,113
-3133.192139,128.917694,0.011350,46,204,113
-3131.761475,129.375458,0.011360,46,204,113
-3130.331055,129.833221,0.011370,46,204,113
-3128.900635,130.290985,0.011380,46,204,113
-3127.469971,130.748749,0.011390,46,204,113
-3126.039551,131.206512,0.011400,46,204,113
-3124.151123,131.893158,0.011410,46,204,113
-3122.663574,132.064819,0.011420,46,204,113
-3121.175781,132.236481,0.011430,46,204,113
-3119.687988,132.408142,0.011440,46,204,113
-3116.927246,132.751465,0.011450,46,204,113
-3115.453613,133.037567,0.011460,46,204,113
-3113.980225,133.323669,0.011470,46,204,113
-3112.506836,133.609772,0.011480,46,204,113
-3111.033447,133.895874,0.011490,46,204,113
-3108.916260,134.410858,0.011500,46,204,113
-3107.414307,134.468079,0.011510,46,204,113
-3105.912109,134.525299,0.011520,46,204,113
-3103.036865,134.525299,0.011530,46,204,113
-3101.549072,134.696960,0.011540,46,204,113
-3100.061523,134.868622,0.011550,46,204,113
-3098.573730,135.040283,0.011560,46,204,113
-3097.085938,135.211945,0.011570,46,204,113
-3095.054688,135.383606,0.011580,46,204,113
-3093.552490,135.326385,0.011590,46,204,113
-3092.050537,135.269165,0.011600,46,204,113
-3090.548584,135.211945,0.011610,46,204,113
-3087.973633,135.154724,0.011620,46,204,113
-3086.471680,135.154724,0.011630,46,204,113
-3084.697754,135.097504,0.011640,46,204,113
-3083.209961,135.269165,0.011650,46,204,113
-3081.722168,135.440826,0.011660,46,204,113
-3080.234619,135.612488,0.011670,46,204,113
-3078.746826,135.784149,0.011680,46,204,113
-3077.259033,135.955811,0.011690,46,204,113
-3075.013184,136.127472,0.011700,46,204,113
-3073.654297,136.756897,0.011710,46,204,113
-3072.295166,137.386322,0.011720,46,204,113
-3069.777588,138.587952,0.011730,46,204,113
-3068.375488,139.102936,0.011740,46,204,113
-3066.530273,139.846802,0.011750,46,204,113
-3065.214111,140.590668,0.011760,46,204,113
-3063.340088,141.620636,0.011770,46,204,113
-3061.966797,142.192841,0.011780,46,204,113
-3059.763916,143.165588,0.011790,46,204,113
-3057.088867,144.367218,0.011800,46,204,113
-3054.242188,144.882202,0.011810,46,204,113
-3051.509766,144.882202,0.011820,46,204,113
-3050.064941,145.282745,0.011830,46,204,113
-3048.133789,145.854950,0.011840,46,204,113
-3046.660400,146.141052,0.011850,46,204,113
-3045.029541,146.427155,0.011860,46,204,113
-3043.470459,146.141052,0.011870,46,204,113
-3042.068359,144.882202,0.011880,46,204,113
-3040.594971,145.168304,0.011890,46,204,113
-3037.819824,145.740509,0.011900,46,204,113
-3036.346436,146.026611,0.011910,46,204,113
-3034.200684,146.427155,0.011920,46,204,113
-3032.712891,146.312714,0.011930,46,204,113
-3030.981934,146.141052,0.011940,46,204,113
-3029.508545,146.369934,0.011950,46,204,113
-3028.035156,146.598816,0.011960,46,204,113
-3026.561768,146.827698,0.011970,46,204,113
-3024.730713,147.171021,0.011980,46,204,113
-3023.228760,147.171021,0.011990,46,204,113
-3021.511963,147.113800,0.012000,46,204,113
-3020.081543,147.571564,0.012010,46,204,113
-3017.363525,148.487091,0.012020,46,204,113
-3014.631348,148.601532,0.012030,46,204,113
-3013.172119,148.944855,0.012040,46,204,113
-3011.713135,149.288177,0.012050,46,204,113
-3010.253906,149.631500,0.012060,46,204,113
-3008.580322,150.032043,0.012070,46,204,113
-3007.092529,150.146484,0.012080,46,204,113
-3005.604736,150.260925,0.012090,46,204,113
-3003.458984,150.489807,0.012100,46,204,113
-3002.014160,150.890350,0.012110,46,204,113
-3000.569336,151.290894,0.012120,46,204,113
-2999.124512,151.691437,0.012130,46,204,113
-2996.764160,152.435303,0.012140,46,204,113
-2995.562500,153.350830,0.012150,46,204,113
-2993.216553,155.124664,0.012160,46,204,113
-2991.743164,155.353546,0.012170,46,204,113
-2989.840576,155.696869,0.012180,46,204,113
-2988.710449,156.669617,0.012190,46,204,113
-2987.580322,157.642365,0.012200,46,204,113
-2986.450195,158.615112,0.012210,46,204,113
-2985.320068,159.587860,0.012220,46,204,113
-2984.189941,160.560608,0.012230,46,204,113
-2983.059814,161.533356,0.012240,46,204,113
-2981.557861,162.963867,0.012250,46,204,113
-2980.299072,163.764954,0.012260,46,204,113
-2979.040039,164.566040,0.012270,46,204,113
-2977.781250,165.367126,0.012280,46,204,113
-2976.522461,166.168213,0.012290,46,204,113
-2975.263672,166.969299,0.012300,46,204,113
-2974.004639,167.770386,0.012310,46,204,113
-2972.388184,168.972015,0.012320,46,204,113
-2971.172363,169.830322,0.012330,46,204,113
-2969.956299,170.688629,0.012340,46,204,113
-2967.624756,172.405243,0.012350,46,204,113
-2966.165527,172.748566,0.012360,46,204,113
-2964.034180,173.206329,0.012370,46,204,113
-2962.703613,173.892975,0.012380,46,204,113
-2961.373291,174.579620,0.012390,46,204,113
-2960.042969,175.266266,0.012400,46,204,113
-2958.226318,176.181793,0.012410,46,204,113
-2956.981689,177.040100,0.012420,46,204,113
-2955.737061,177.898407,0.012430,46,204,113
-2953.934570,179.100037,0.012440,46,204,113
-2952.532715,179.615021,0.012450,46,204,113
-2951.130859,180.130005,0.012460,46,204,113
-2948.956543,180.931091,0.012470,46,204,113
-2946.710693,180.759430,0.012480,46,204,113
-2944.278809,181.846619,0.012490,46,204,113
-2943.177246,182.876587,0.012500,46,204,113
-2942.075684,183.906555,0.012510,46,204,113
-2940.974121,184.936523,0.012520,46,204,113
-2939.458008,186.252594,0.012530,46,204,113
-2938.055908,186.767578,0.012540,46,204,113
-2936.654053,187.282562,0.012550,46,204,113
-2934.236572,188.198090,0.012560,46,204,113
-2932.033447,189.914703,0.012570,46,204,113
-2930.703125,190.601349,0.012580,46,204,113
-2929.372803,191.287994,0.012590,46,204,113
-2927.355713,192.317963,0.012600,46,204,113
-2924.766602,192.260742,0.012610,46,204,113
-2923.450439,193.004608,0.012620,46,204,113
-2922.134277,193.748474,0.012630,46,204,113
-2919.945801,194.950104,0.012640,46,204,113
-2918.686768,195.751190,0.012650,46,204,113
-2917.427979,196.552277,0.012660,46,204,113
-2916.169189,197.353363,0.012670,46,204,113
-2914.910400,198.211670,0.012680,46,204,113
-2913.479736,198.669434,0.012690,46,204,113
-2912.049316,199.127197,0.012700,46,204,113
-2910.389893,199.642181,0.012710,46,204,113
-2909.031006,200.271606,0.012720,46,204,113
-2907.671875,200.901031,0.012730,46,204,113
-2906.312988,201.530457,0.012740,46,204,113
-2904.953857,202.159882,0.012750,46,204,113
-2903.323242,202.846527,0.012760,46,204,113
-2901.864014,203.189850,0.012770,46,204,113
-2899.389160,203.704834,0.012780,46,204,113
-2898.030273,204.334259,0.012790,46,204,113
-2896.671387,204.963684,0.012800,46,204,113
-2895.312256,205.593109,0.012810,46,204,113
-2893.953369,206.222534,0.012820,46,204,113
-2892.594238,206.851959,0.012830,46,204,113
-2890.749023,207.824707,0.012840,46,204,113
-2889.404297,208.454132,0.012850,46,204,113
-2888.059570,209.083557,0.012860,46,204,113
-2886.714844,209.712982,0.012870,46,204,113
-2885.370361,210.342407,0.012880,46,204,113
-2884.011230,211.086273,0.012890,46,204,113
-2882.609375,211.658478,0.012900,46,204,113
-2881.207520,212.230682,0.012910,46,204,113
-2879.805664,212.802887,0.012920,46,204,113
-2877.631104,213.603973,0.012930,46,204,113
-2876.229248,214.118958,0.012940,46,204,113
-2874.827393,214.633942,0.012950,46,204,113
-2873.082275,215.320587,0.012960,46,204,113
-2871.794678,216.121674,0.012970,46,204,113
-2870.507324,216.922760,0.012980,46,204,113
-2869.219727,217.723846,0.012990,46,204,113
-2867.932373,218.524933,0.013000,46,204,113
-2865.843750,219.669342,0.013010,46,204,113
-2864.541992,220.413208,0.013020,46,204,113
-2863.240234,221.157074,0.013030,46,204,113
-2861.938477,221.900940,0.013040,46,204,113
-2860.636719,222.644806,0.013050,46,204,113
-2859.334961,223.388672,0.013060,46,204,113
-2857.289307,224.590302,0.013070,46,204,113
-2855.787354,224.647522,0.013080,46,204,113
-2854.285156,224.704742,0.013090,46,204,113
-2852.783203,224.761963,0.013100,46,204,113
-2851.038086,224.876404,0.013110,46,204,113
-2849.764893,225.677490,0.013120,46,204,113
-2848.491699,226.478577,0.013130,46,204,113
-2847.218506,227.279663,0.013140,46,204,113
-2845.530518,228.309631,0.013150,46,204,113
-2844.214355,229.053497,0.013160,46,204,113
-2842.898438,229.797363,0.013170,46,204,113
-2841.582275,230.541229,0.013180,46,204,113
-2839.050293,231.914520,0.013190,46,204,113
-2837.548340,231.800079,0.013200,46,204,113
-2836.046143,231.685638,0.013210,46,204,113
-2834.086426,231.628418,0.013220,46,204,113
-2832.770264,232.372284,0.013230,46,204,113
-2831.454346,233.116150,0.013240,46,204,113
-2830.138184,233.860016,0.013250,46,204,113
-2828.822021,234.603882,0.013260,46,204,113
-2827.491699,235.290527,0.013270,46,204,113
-2826.032715,235.633850,0.013280,46,204,113
-2824.573486,235.977173,0.013290,46,204,113
-2823.114502,236.320496,0.013300,46,204,113
-2821.655273,236.663818,0.013310,46,204,113
-2820.196045,237.007141,0.013320,46,204,113
-2818.737061,237.350464,0.013330,46,204,113
-2817.077637,237.636566,0.013340,46,204,113
-2815.589844,237.464905,0.013350,46,204,113
-2814.102051,237.293243,0.013360,46,204,113
-2812.614502,237.121582,0.013370,46,204,113
-2811.126709,236.949921,0.013380,46,204,113
-2809.052490,236.778259,0.013390,46,204,113
-2807.564697,236.949921,0.013400,46,204,113
-2806.076904,237.121582,0.013410,46,204,113
-2804.589355,237.293243,0.013420,46,204,113
-2803.101562,237.464905,0.013430,46,204,113
-2801.613770,237.636566,0.013440,46,204,113
-2799.096191,237.865448,0.013450,46,204,113
-2797.722900,238.437653,0.013460,46,204,113
-2796.349609,239.009857,0.013470,46,204,113
-2794.976318,239.582062,0.013480,46,204,113
-2793.603027,240.154266,0.013490,46,204,113
-2792.229736,240.726471,0.013500,46,204,113
-2790.856445,241.298676,0.013510,46,204,113
-2788.553223,242.385864,0.013520,46,204,113
-2787.222900,243.072510,0.013530,46,204,113
-2785.892578,243.759155,0.013540,46,204,113
-2784.562012,244.445801,0.013550,46,204,113
-2783.231689,245.132446,0.013560,46,204,113
-2781.901367,245.819092,0.013570,46,204,113
-2780.571045,246.505737,0.013580,46,204,113
-2779.240723,247.192383,0.013590,46,204,113
-2777.795898,247.936249,0.013600,46,204,113
-2776.465332,248.622894,0.013610,46,204,113
-2775.135010,249.309540,0.013620,46,204,113
-2773.804688,249.996185,0.013630,46,204,113
-2771.773438,251.026154,0.013640,46,204,113
-2770.442871,251.712799,0.013650,46,204,113
-2769.112549,252.399445,0.013660,46,204,113
-2767.782227,253.086090,0.013670,46,204,113
-2765.464844,254.230499,0.013680,46,204,113
-2764.134521,254.917145,0.013690,46,204,113
-2762.489258,255.775452,0.013700,46,204,113
-2761.030273,256.118774,0.013710,46,204,113
-2759.571045,256.462097,0.013720,46,204,113
-2758.112061,256.805420,0.013730,46,204,113
-2756.438232,257.320404,0.013740,46,204,113
-2754.936279,257.377625,0.013750,46,204,113
-2753.434082,257.434845,0.013760,46,204,113
-2751.932129,257.492065,0.013770,46,204,113
-2750.430176,257.549286,0.013780,46,204,113
-2748.699219,257.606506,0.013790,46,204,113
-2747.211426,257.492065,0.013800,46,204,113
-2744.679443,257.263184,0.013810,46,204,113
-2743.177490,257.205963,0.013820,46,204,113
-2740.416504,257.091522,0.013830,46,204,113
-2739.057617,257.720947,0.013840,46,204,113
-2737.698486,258.350372,0.013850,46,204,113
-2736.339600,258.979797,0.013860,46,204,113
-2734.050781,260.009766,0.013870,46,204,113
-2732.562988,260.238647,0.013880,46,204,113
-2731.075195,260.467529,0.013890,46,204,113
-2729.587646,260.696411,0.013900,46,204,113
-2728.099854,260.925293,0.013910,46,204,113
-2726.254395,261.211395,0.013920,46,204,113
-2724.752441,261.325836,0.013930,46,204,113
-2723.250488,261.440277,0.013940,46,204,113
-2721.748291,261.554718,0.013950,46,204,113
-2720.246338,261.669159,0.013960,46,204,113
-2718.744385,261.783600,0.013970,46,204,113
-2717.242188,261.898041,0.013980,46,204,113
-2715.325439,262.069702,0.013990,46,204,113
-2713.866211,262.413025,0.014000,46,204,113
-2712.407227,262.756348,0.014010,46,204,113
-2710.947998,263.099670,0.014020,46,204,113
-2709.274414,263.500214,0.014030,46,204,113
-2707.829590,263.900757,0.014040,46,204,113
-2706.384766,264.301300,0.014050,46,204,113
-2704.939941,264.701843,0.014060,46,204,113
-2703.495117,265.102386,0.014070,46,204,113
-2701.935791,265.502930,0.014080,46,204,113
-2700.447998,265.731812,0.014090,46,204,113
-2698.960205,265.960693,0.014100,46,204,113
-2697.472656,266.189575,0.014110,46,204,113
-2695.984863,266.418457,0.014120,46,204,113
-2694.053711,266.761780,0.014130,46,204,113
-2692.623047,267.219543,0.014140,46,204,113
-2691.192627,267.677307,0.014150,46,204,113
-2689.762207,268.135071,0.014160,46,204,113
-2688.331543,268.592834,0.014170,46,204,113
-2686.901123,269.050598,0.014180,46,204,113
-2685.327637,269.393921,0.014190,46,204,113
-2683.839844,269.508362,0.014200,46,204,113
-2682.352051,269.622803,0.014210,46,204,113
-2679.448242,269.908905,0.014220,46,204,113
-2678.160645,269.165039,0.014230,46,204,113
-2676.715820,268.306732,0.014240,46,204,113
-2675.228027,268.135071,0.014250,46,204,113
-2673.583008,267.906189,0.014260,46,204,113
-2672.081055,267.791748,0.014270,46,204,113
-2670.450195,267.677307,0.014280,46,204,113
-2668.962402,267.848969,0.014290,46,204,113
-2667.474854,268.020630,0.014300,46,204,113
-2664.670898,268.249512,0.014310,46,204,113
-2660.722656,269.565582,0.014320,46,204,113
-2530.717773,331.306458,0.014330,46,204,113
-2529.330322,331.878662,0.014340,46,204,113
-2527.942627,332.450867,0.014350,46,204,113
-2526.555176,333.023071,0.014360,46,204,113
-2525.167480,333.595276,0.014370,46,204,113
-2523.479492,334.339142,0.014380,46,204,113
-2522.363770,335.369110,0.014390,46,204,113
-2521.247803,336.399078,0.014400,46,204,113
-2520.132080,337.429047,0.014410,46,204,113
-2519.016357,338.459015,0.014420,46,204,113
-2517.900391,339.488983,0.014430,46,204,113
-2516.784668,340.518951,0.014440,46,204,113
-2515.668945,341.548920,0.014450,46,204,113
-2514.552979,342.578888,0.014460,46,204,113
-2513.365723,343.551636,0.014470,46,204,113
-2512.121094,344.409943,0.014480,46,204,113
-2510.876709,345.268250,0.014490,46,204,113
-2509.632080,346.126556,0.014500,46,204,113
-2508.387451,346.984863,0.014510,46,204,113
-2507.143066,347.843170,0.014520,46,204,113
-2505.884277,348.644257,0.014530,46,204,113
-2504.754150,349.617004,0.014540,46,204,113
-2503.624023,350.589752,0.014550,46,204,113
-2502.493896,351.562500,0.014560,46,204,113
-2501.363770,352.535248,0.014570,46,204,113
-2500.233643,353.507996,0.014580,46,204,113
-2499.103516,354.480743,0.014590,46,204,113
-2497.973389,355.453491,0.014600,46,204,113
-2496.385498,356.998444,0.014610,46,204,113
-2495.269775,358.028412,0.014620,46,204,113
-2494.154053,359.058380,0.014630,46,204,113
-2493.038086,360.088348,0.014640,46,204,113
-2491.922363,361.118317,0.014650,46,204,113
-2490.806641,362.148285,0.014660,46,204,113
-2489.690674,363.178253,0.014670,46,204,113
-2488.203125,364.379883,0.014680,46,204,113
-2487.230225,365.524292,0.014690,46,204,113
-2486.257568,366.668701,0.014700,46,204,113
-2485.284912,367.813110,0.014710,46,204,113
-2484.312012,368.957520,0.014720,46,204,113
-2483.339355,370.101929,0.014730,46,204,113
-2482.309326,371.360779,0.014740,46,204,113
-2481.350830,372.505188,0.014750,46,204,113
-2480.392578,373.649597,0.014760,46,204,113
-2479.434082,374.794006,0.014770,46,204,113
-2478.475586,375.938416,0.014780,46,204,113
-2477.517090,377.082825,0.014790,46,204,113
-2476.143799,378.856659,0.014800,46,204,113
-2475.142578,379.943848,0.014810,46,204,113
-2474.141113,381.031036,0.014820,46,204,113
-2473.139648,382.118225,0.014830,46,204,113
-2472.138428,383.205414,0.014840,46,204,113
-2471.136963,384.292603,0.014850,46,204,113
-2469.849609,385.837555,0.014860,46,204,113
-2468.748047,386.867523,0.014870,46,204,113
-2467.646484,387.897491,0.014880,46,204,113
-2466.545166,388.927460,0.014890,46,204,113
-2465.443604,389.957428,0.014900,46,204,113
-2464.342041,390.987396,0.014910,46,204,113
-2462.425293,392.761230,0.014920,46,204,113
-2461.109131,393.447876,0.014930,46,204,113
-2459.792969,394.134521,0.014940,46,204,113
-2458.477051,394.821167,0.014950,46,204,113
-2457.160889,395.507812,0.014960,46,204,113
-2455.844971,396.194458,0.014970,46,204,113
-2454.071045,397.224426,0.014980,46,204,113
-2452.812256,398.025513,0.014990,46,204,113
-2451.553223,398.826599,0.015000,46,204,113
-2450.294434,399.627686,0.015010,46,204,113
-2448.677979,400.714874,0.015020,46,204,113
-2447.705322,401.859283,0.015030,46,204,113
-2446.732422,403.003693,0.015040,46,204,113
-2445.759766,404.148102,0.015050,46,204,113
-2444.758301,405.292511,0.015060,46,204,113
-2443.656982,406.322479,0.015070,46,204,113
-2442.555420,407.352448,0.015080,46,204,113
-2441.453857,408.382416,0.015090,46,204,113
-2440.195068,409.469604,0.015100,46,204,113
-2438.793213,409.984589,0.015110,46,204,113
-2437.391357,410.499573,0.015120,46,204,113
-2435.989258,411.014557,0.015130,46,204,113
-2434.587402,411.529541,0.015140,46,204,113
-2433.185547,412.044525,0.015150,46,204,113
-2431.783691,412.559509,0.015160,46,204,113
-2430.181396,413.188934,0.015170,46,204,113
-2428.851074,413.875580,0.015180,46,204,113
-2427.520752,414.562225,0.015190,46,204,113
-2426.190430,415.248871,0.015200,46,204,113
-2424.860107,415.935516,0.015210,46,204,113
-2423.372314,416.793823,0.015220,46,204,113
-2416.376953,419.654846,0.015230,46,204,113
-2401.814453,424.346924,0.015240,46,204,113
-2400.326660,424.518585,0.015250,46,204,113
-2398.839111,424.690247,0.015260,46,204,113
-2397.351318,424.861908,0.015270,46,204,113
-2395.863525,425.033569,0.015280,46,204,113
-2394.375732,425.205231,0.015290,46,204,113
-2392.888184,425.376892,0.015300,46,204,113
-2391.400391,425.548553,0.015310,46,204,113
-2389.912598,425.720215,0.015320,46,204,113
-2388.424805,425.891876,0.015330,46,204,113
-2385.950195,426.177979,0.015340,46,204,113
-2384.462402,426.292419,0.015350,46,204,113
-2382.974609,426.406860,0.015360,46,204,113
-2381.486816,426.521301,0.015370,46,204,113
-2379.999268,426.635742,0.015380,46,204,113
-2378.511475,426.750183,0.015390,46,204,113
-2377.023682,426.864624,0.015400,46,204,113
-2375.535889,426.979065,0.015410,46,204,113
-2372.574707,427.322388,0.015420,46,204,113
-2371.087158,427.436829,0.015430,46,204,113
-2369.599365,427.551270,0.015440,46,204,113
-2368.111572,427.665710,0.015450,46,204,113
-2366.623779,427.780151,0.015460,46,204,113
-2365.136230,427.894592,0.015470,46,204,113
-2363.648438,428.009033,0.015480,46,204,113
-2362.160645,428.123474,0.015490,46,204,113
-2360.672852,428.237915,0.015500,46,204,113
-2359.185303,428.352356,0.015510,46,204,113
-2356.853516,428.752899,0.015520,46,204,113
-2355.365723,428.924561,0.015530,46,204,113
-2353.877930,429.096222,0.015540,46,204,113
-2352.390381,429.267883,0.015550,46,204,113
-2350.902588,429.439545,0.015560,46,204,113
-2349.414795,429.611206,0.015570,46,204,113
-2347.927002,429.782867,0.015580,46,204,113
-2346.439453,429.954529,0.015590,46,204,113
-2344.951660,430.126190,0.015600,46,204,113
-2343.463867,430.297852,0.015610,46,204,113
-2341.518311,430.526733,0.015620,46,204,113
-2340.044922,430.755615,0.015630,46,204,113
-2338.571533,430.984497,0.015640,46,204,113
-2337.098145,431.213379,0.015650,46,204,113
-2335.624756,431.442261,0.015660,46,204,113
-2334.151367,431.671143,0.015670,46,204,113
-2332.677734,431.900024,0.015680,46,204,113
-2331.204346,432.128906,0.015690,46,204,113
-2329.730957,432.357788,0.015700,46,204,113
-2327.899902,432.815552,0.015710,46,204,113
-2326.440918,433.158875,0.015720,46,204,113
-2324.981689,433.502197,0.015730,46,204,113
-2323.522461,433.845520,0.015740,46,204,113
-2322.063477,434.188843,0.015750,46,204,113
-2320.604248,434.532166,0.015760,46,204,113
-2318.129639,434.989929,0.015770,46,204,113
-2316.684814,435.390472,0.015780,46,204,113
-2315.239990,435.791016,0.015790,46,204,113
-2313.795166,436.191559,0.015800,46,204,113
-2312.350342,436.592102,0.015810,46,204,113
-2310.905518,436.992645,0.015820,46,204,113
-2309.460693,437.393188,0.015830,46,204,113
-2308.015869,437.793732,0.015840,46,204,113
-2305.812744,438.194275,0.015850,46,204,113
-2304.453857,438.823700,0.015860,46,204,113
-2303.094971,439.453125,0.015870,46,204,113
-2301.735840,440.082550,0.015880,46,204,113
-2300.376953,440.711975,0.015890,46,204,113
-2299.017822,441.341400,0.015900,46,204,113
-2297.658936,441.970825,0.015910,46,204,113
-2296.300049,442.600250,0.015920,46,204,113
-2294.354492,443.458557,0.015930,46,204,113
-2293.510498,446.262360,0.015940,46,204,113
-2290.477783,449.409485,0.015950,46,204,113
-2288.289062,454.444885,0.015960,46,204,113
-2287.402100,455.646515,0.015970,46,204,113
-2286.515137,456.848145,0.015980,46,204,113
-2285.628418,458.049774,0.015990,46,204,113
-2284.641357,459.480286,0.016000,46,204,113
-2283.368164,460.281372,0.016010,46,204,113
-2281.193848,461.597443,0.016020,46,204,113
-2280.650146,462.970734,0.016030,46,204,113
-2280.106445,464.344025,0.016040,46,204,113
-2279.348389,466.403961,0.016050,46,204,113
-2278.275391,467.433929,0.016060,46,204,113
-2277.202637,468.463898,0.016070,46,204,113
-2276.129639,469.493866,0.016080,46,204,113
-2275.056885,470.523834,0.016090,46,204,113
-2273.983887,471.553802,0.016100,46,204,113
-2272.667969,472.869873,0.016110,46,204,113
-2271.738037,474.071503,0.016120,46,204,113
-2270.808105,475.273132,0.016130,46,204,113
-2269.878418,476.474762,0.016140,46,204,113
-2268.948486,477.676392,0.016150,46,204,113
-2268.018799,478.878021,0.016160,46,204,113
-2267.088867,480.079651,0.016170,46,204,113
-2265.243652,482.254028,0.016180,46,204,113
-2264.242188,483.398438,0.016190,46,204,113
-2263.240723,484.542847,0.016200,46,204,113
-2262.239502,485.687256,0.016210,46,204,113
-2261.238037,486.831665,0.016220,46,204,113
-2260.236816,487.976074,0.016230,46,204,113
-2259.006592,489.292145,0.016240,46,204,113
-2257.819092,490.207672,0.016250,46,204,113
-2256.631836,491.123199,0.016260,46,204,113
-2255.444580,492.038727,0.016270,46,204,113
-2254.257324,492.954254,0.016280,46,204,113
-2253.069824,493.869781,0.016290,46,204,113
-2251.882568,494.785309,0.016300,46,204,113
-2250.695312,495.700836,0.016310,46,204,113
-2249.507812,496.616364,0.016320,46,204,113
-2247.948730,497.703552,0.016330,46,204,113
-2247.018799,498.905182,0.016340,46,204,113
-2246.088867,500.106812,0.016350,46,204,113
-2245.159180,501.308441,0.016360,46,204,113
-2243.800049,502.967834,0.016370,46,204,113
-2242.627197,503.883362,0.016380,46,204,113
-2241.454102,504.798889,0.016390,46,204,113
-2240.281006,505.714417,0.016400,46,204,113
-2239.108154,506.629944,0.016410,46,204,113
-2237.405762,508.060455,0.016420,46,204,113
-2230.067139,510.463715,0.016430,46,204,113
-2079.405762,601.787598,0.016440,46,204,113
-2078.433105,602.932007,0.016450,46,204,113
-2077.460205,604.076416,0.016460,46,204,113
-2076.487549,605.220825,0.016470,46,204,113
-2075.514893,606.365234,0.016480,46,204,113
-2074.541992,607.509644,0.016490,46,204,113
-2073.569336,608.654053,0.016500,46,204,113
-2072.596436,609.798462,0.016510,46,204,113
-2071.623779,610.942871,0.016520,46,204,113
-2070.651123,612.087280,0.016530,46,204,113
-2069.678223,613.231689,0.016540,46,204,113
-2068.505371,614.662170,0.016550,46,204,113
-2067.446777,615.749390,0.016560,46,204,113
-2066.388184,616.836548,0.016570,46,204,113
-2065.329590,617.923706,0.016580,46,204,113
-2064.270996,619.010925,0.016590,46,204,113
-2063.212402,620.098145,0.016600,46,204,113
-2062.153809,621.185303,0.016610,46,204,113
-2061.095215,622.272461,0.016620,46,204,113
-2060.036621,623.359680,0.016630,46,204,113
-2058.978027,624.446899,0.016640,46,204,113
-2057.919434,625.534058,0.016650,46,204,113
-2056.560547,626.564026,0.016660,46,204,113
-2056.016846,627.937317,0.016670,46,204,113
-2055.473389,629.310608,0.016680,46,204,113
-2054.929688,630.683899,0.016690,46,204,113
-2054.386230,632.057190,0.016700,46,204,113
-2053.842529,633.430481,0.016710,46,204,113
-2053.298828,634.803772,0.016720,46,204,113
-2052.297607,637.550354,0.016730,46,204,113
-2051.525146,638.809204,0.016740,46,204,113
-2050.752686,640.068054,0.016750,46,204,113
-2049.980225,641.326904,0.016760,46,204,113
-2049.207764,642.585754,0.016770,46,204,113
-2048.435303,643.844604,0.016780,46,204,113
-2047.662720,645.103455,0.016790,46,204,113
-2046.890259,646.362305,0.016800,46,204,113
-2046.117798,647.621155,0.016810,46,204,113
-2045.316650,649.166138,0.016820,46,204,113
-2044.343994,650.310547,0.016830,46,204,113
-2043.371216,651.454956,0.016840,46,204,113
-2042.398438,652.599365,0.016850,46,204,113
-2041.425659,653.743774,0.016860,46,204,113
-2040.453003,654.888184,0.016870,46,204,113
-2039.480225,656.032593,0.016880,46,204,113
-2038.507446,657.177002,0.016890,46,204,113
-2037.534668,658.321411,0.016900,46,204,113
-2036.562012,659.465820,0.016910,46,204,113
-2035.589233,660.610229,0.016920,46,204,113
-2034.616455,661.754639,0.016930,46,204,113
-2033.643677,662.899048,0.016940,46,204,113
-2032.671021,664.043457,0.016950,46,204,113
-2031.698242,665.187866,0.016960,46,204,113
-2030.696899,666.389465,0.016970,46,204,113
-2029.767090,667.591064,0.016980,46,204,113
-2028.837158,668.792725,0.016990,46,204,113
-2027.907349,669.994385,0.017000,46,204,113
-2026.977539,671.195984,0.017010,46,204,113
-2026.047729,672.397583,0.017020,46,204,113
-2025.117920,673.599243,0.017030,46,204,113
-2024.187988,674.800903,0.017040,46,204,113
-2023.258179,676.002502,0.017050,46,204,113
-2021.899170,677.490234,0.017060,46,204,113
-2020.969360,678.634644,0.017070,46,204,113
-2020.039551,679.779053,0.017080,46,204,113
-2019.109741,680.923462,0.017090,46,204,113
-2018.179932,682.067871,0.017100,46,204,113
-2017.250000,683.212280,0.017110,46,204,113
-2016.320190,684.356689,0.017120,46,204,113
-2015.390381,685.501099,0.017130,46,204,113
-2014.460571,686.645508,0.017140,46,204,113
-2013.530762,687.789917,0.017150,46,204,113
-2012.600952,688.934326,0.017160,46,204,113
-2011.041626,691.108704,0.017170,46,204,113
-2009.839966,692.024231,0.017180,46,204,113
-2008.638428,692.939758,0.017190,46,204,113
-2007.436768,693.855286,0.017200,46,204,113
-2006.235107,694.770813,0.017210,46,204,113
-2005.033447,695.686340,0.017220,46,204,113
-2003.831909,696.601868,0.017230,46,204,113
-2002.630249,697.517395,0.017240,46,204,113
-2001.428589,698.432922,0.017250,46,204,113
-2000.226929,699.348450,0.017260,46,204,113
-1999.025391,700.263977,0.017270,46,204,113
-1997.823730,701.179504,0.017280,46,204,113
-1995.706543,702.667236,0.017290,46,204,113
-1994.247437,703.010559,0.017300,46,204,113
-1992.788330,703.353882,0.017310,46,204,113
-1991.329224,703.697205,0.017320,46,204,113
-1989.870117,704.040527,0.017330,46,204,113
-1988.410889,704.383850,0.017340,46,204,113
-1986.336670,704.727173,0.017350,46,204,113
-1984.662964,705.814331,0.017360,46,204,113
-1984.162354,708.560913,0.017370,46,204,113
-1983.633057,709.991455,0.017380,46,204,113
-1983.103760,711.421997,0.017390,46,204,113
-1982.574463,712.852478,0.017400,46,204,113
-1981.730469,715.084106,0.017410,46,204,113
-1981.058105,716.400146,0.017420,46,204,113
-1980.385742,717.716187,0.017430,46,204,113
-1979.713379,719.032288,0.017440,46,204,113
-1979.041138,720.348389,0.017450,46,204,113
-1978.368774,721.664429,0.017460,46,204,113
-1977.696411,722.980469,0.017470,46,204,113
-1977.024048,724.296570,0.017480,46,204,113
-1976.122803,726.127625,0.017490,46,204,113
-1975.393311,727.443726,0.017500,46,204,113
-1974.663696,728.759766,0.017510,46,204,113
-1973.934204,730.075806,0.017520,46,204,113
-1972.460693,732.650757,0.017530,46,204,113
-1971.602417,733.909607,0.017540,46,204,113
-1970.744141,735.168457,0.017550,46,204,113
-1969.141968,737.457275,0.017560,46,204,113
-1966.924683,740.833252,0.017570,46,204,113
-1921.978027,822.143555,0.017580,46,204,113
-1921.105347,823.345215,0.017590,46,204,113
-1920.232788,824.546814,0.017600,46,204,113
-1919.360107,825.748413,0.017610,46,204,113
-1918.487549,826.950073,0.017620,46,204,113
-1917.614990,828.151733,0.017630,46,204,113
-1916.742310,829.353333,0.017640,46,204,113
-1915.569336,831.069946,0.017650,46,204,113
-1915.454834,832.557678,0.017660,46,204,113
-1915.340454,834.045410,0.017670,46,204,113
-1915.225952,835.533142,0.017680,46,204,113
-1915.040039,837.593079,0.017690,46,204,113
-1914.210327,838.851929,0.017700,46,204,113
-1913.380615,840.110779,0.017710,46,204,113
-1912.550903,841.369629,0.017720,46,204,113
-1911.721191,842.628479,0.017730,46,204,113
-1910.891479,843.887329,0.017740,46,204,113
-1910.047485,845.146179,0.017750,46,204,113
-1909.461060,846.519470,0.017760,46,204,113
-1908.874512,847.892761,0.017770,46,204,113
-1908.287964,849.266052,0.017780,46,204,113
-1907.701538,850.639343,0.017790,46,204,113
-1907.114990,852.012634,0.017800,46,204,113
-1906.528442,853.385925,0.017810,46,204,113
-1905.942017,854.759216,0.017820,46,204,113
-1905.355469,856.132507,0.017830,46,204,113
-1904.411377,858.593018,0.017840,46,204,113
-1903.624512,859.851807,0.017850,46,204,113
-1902.837769,861.110718,0.017860,46,204,113
-1902.051025,862.369507,0.017870,46,204,113
-1901.264160,863.628418,0.017880,46,204,113
-1900.477417,864.887207,0.017890,46,204,113
-1899.690674,866.146118,0.017900,46,204,113
-1898.903809,867.404907,0.017910,46,204,113
-1897.773682,869.350464,0.017920,46,204,113
-1896.700806,870.380371,0.017930,46,204,113
-1895.627930,871.410400,0.017940,46,204,113
-1894.555054,872.440308,0.017950,46,204,113
-1893.482178,873.470337,0.017960,46,204,113
-1892.409302,874.500244,0.017970,46,204,113
-1891.207642,875.701904,0.017980,46,204,113
-1890.220703,876.846313,0.017990,46,204,113
-1889.233643,877.990723,0.018000,46,204,113
-1888.246582,879.135132,0.018010,46,204,113
-1886.959106,880.508423,0.018020,46,204,113
-1886.143677,881.767273,0.018030,46,204,113
-1885.328247,883.026123,0.018040,46,204,113
-1884.512939,884.284973,0.018050,46,204,113
-1883.697510,885.543823,0.018060,46,204,113
-1882.882080,886.802673,0.018070,46,204,113
-1882.066772,888.061523,0.018080,46,204,113
-1881.251343,889.320374,0.018090,46,204,113
-1880.435913,890.579224,0.018100,46,204,113
-1879.448853,892.181396,0.018110,46,204,113
-1878.504761,893.325806,0.018120,46,204,113
-1877.560669,894.470215,0.018130,46,204,113
-1876.616455,895.614624,0.018140,46,204,113
-1875.672363,896.759033,0.018150,46,204,113
-1874.728149,897.903442,0.018160,46,204,113
-1873.784058,899.047852,0.018170,46,204,113
-1872.839966,900.192261,0.018180,46,204,113
-1871.895752,901.336670,0.018190,46,204,113
-1870.093384,903.625488,0.018200,46,204,113
-1869.149170,904.769897,0.018210,46,204,113
-1868.205078,905.914307,0.018220,46,204,113
-1867.260986,907.058716,0.018230,46,204,113
-1866.316772,908.203125,0.018240,46,204,113
-1864.972168,909.919739,0.018250,46,204,113
-1861.438721,914.268494,0.018260,46,204,113
-1685.099609,1250.152588,0.018270,46,204,113
-1684.885010,1248.664795,0.018280,46,204,113
-1684.541748,1246.318848,0.018290,46,204,113
-1684.427246,1244.831055,0.018300,46,204,113
-1684.312866,1243.343384,0.018310,46,204,113
-1684.198364,1241.855591,0.018320,46,204,113
-1684.083984,1240.367920,0.018330,46,204,113
-1683.955200,1238.479614,0.018340,46,204,113
-1683.597534,1237.049072,0.018350,46,204,113
-1683.239990,1235.618652,0.018360,46,204,113
-1682.882324,1234.188110,0.018370,46,204,113
-1682.481812,1232.414307,0.018380,46,204,113
-1682.252930,1230.926514,0.018390,46,204,113
-1681.852295,1228.294434,0.018400,46,204,113
-1681.122803,1226.978271,0.018410,46,204,113
-1680.393188,1225.662231,0.018420,46,204,113
-1679.663696,1224.346191,0.018430,46,204,113
-1678.934082,1223.030029,0.018440,46,204,113
-1677.918457,1221.256226,0.018450,46,204,113
-1677.675293,1219.768555,0.018460,46,204,113
-1677.432007,1218.280762,0.018470,46,204,113
-1677.188843,1216.678589,0.018480,46,204,113
-1677.203125,1215.190918,0.018490,46,204,113
-1677.217529,1213.703125,0.018500,46,204,113
-1677.217529,1210.956543,0.018510,46,204,113
-1676.888428,1204.090088,0.018520,46,204,113
-1676.316284,1282.196045,0.018530,46,204,113
-1676.487915,1283.683838,0.018540,46,204,113
-1676.802612,1286.315918,0.018550,46,204,113
-1677.002930,1287.803711,0.018560,46,204,113
-1677.203125,1289.291382,0.018570,46,204,113
-1677.403442,1290.779053,0.018580,46,204,113
-1677.603760,1292.266846,0.018590,46,204,113
-1677.803955,1293.754639,0.018600,46,204,113
-1678.004272,1295.242310,0.018610,46,204,113
-1678.304688,1297.760010,0.018620,46,204,113
-1678.590820,1299.247803,0.018630,46,204,113
-1678.876831,1300.735474,0.018640,46,204,113
-1679.162964,1302.223145,0.018650,46,204,113
-1679.449097,1303.710938,0.018660,46,204,113
-1679.735229,1305.198730,0.018670,46,204,113
-1680.021240,1306.686401,0.018680,46,204,113
-1680.564941,1309.146851,0.018690,46,204,113
-1680.579224,1310.634644,0.018700,46,204,113
-1680.593506,1312.122314,0.018710,46,204,113
-1680.607788,1313.610107,0.018720,46,204,113
-1680.622070,1315.097778,0.018730,46,204,113
-1680.636353,1316.585571,0.018740,46,204,113
-1680.650757,1318.073242,0.018750,46,204,113
-1680.665039,1319.561035,0.018760,46,204,113
-1680.679321,1321.048706,0.018770,46,204,113
-1680.722290,1323.566406,0.018780,46,204,113
-1680.908203,1325.054199,0.018790,46,204,113
-1681.094116,1326.541870,0.018800,46,204,113
-1681.280151,1328.029663,0.018810,46,204,113
-1681.466064,1329.517334,0.018820,46,204,113
-1681.652100,1331.005127,0.018830,46,204,113
-1681.838013,1332.492798,0.018840,46,204,113
-1682.024048,1333.980591,0.018850,46,204,113
-1682.209961,1335.468262,0.018860,46,204,113
-1682.353027,1337.013184,0.018870,46,204,113
-1682.410278,1338.500977,0.018880,46,204,113
-1682.467407,1339.988770,0.018890,46,204,113
-1682.524658,1341.476440,0.018900,46,204,113
-1682.581909,1342.964111,0.018910,46,204,113
-1682.667725,1344.909668,0.018920,46,204,113
-1682.667725,1346.397461,0.018930,46,204,113
-1682.667725,1347.885132,0.018940,46,204,113
-1682.667725,1349.372803,0.018950,46,204,113
-1682.667725,1350.860596,0.018960,46,204,113
-1682.667725,1352.348389,0.018970,46,204,113
-1682.667725,1353.836060,0.018980,46,204,113
-1682.710693,1355.895996,0.018990,46,204,113
-1682.610474,1357.383789,0.019000,46,204,113
-1682.510376,1358.871460,0.019010,46,204,113
-1682.410278,1360.359131,0.019020,46,204,113
-1682.310059,1361.846924,0.019030,46,204,113
-1682.138428,1363.964111,0.019040,46,204,113
-1682.252930,1365.451782,0.019050,46,204,113
-1682.367310,1366.939575,0.019060,46,204,113
-1682.481812,1368.427246,0.019070,46,204,113
-1682.596191,1369.915039,0.019080,46,204,113
-1682.710693,1371.402710,0.019090,46,204,113
-1682.825073,1372.890503,0.019100,46,204,113
-1682.939575,1374.378174,0.019110,46,204,113
-1683.053955,1375.865967,0.019120,46,204,113
-1683.168457,1377.353638,0.019130,46,204,113
-1683.311523,1378.955811,0.019140,46,204,113
-1683.497437,1380.443604,0.019150,46,204,113
-1683.683350,1381.931274,0.019160,46,204,113
-1683.869385,1383.419067,0.019170,46,204,113
-1684.055298,1384.906738,0.019180,46,204,113
-1684.241333,1386.394531,0.019190,46,204,113
-1684.427246,1387.882202,0.019200,46,204,113
-1684.613281,1389.369995,0.019210,46,204,113
-1684.842163,1390.972168,0.019220,46,204,113
-1685.071045,1392.459839,0.019230,46,204,113
-1685.299927,1393.947632,0.019240,46,204,113
-1685.528809,1395.435303,0.019250,46,204,113
-1685.757690,1396.923096,0.019260,46,204,113
-1685.986572,1398.410767,0.019270,46,204,113
-1686.372803,1401.042969,0.019280,46,204,113
-1686.558716,1402.530640,0.019290,46,204,113
-1686.744629,1404.018433,0.019300,46,204,113
-1686.930664,1405.506104,0.019310,46,204,113
-1687.116577,1406.993896,0.019320,46,204,113
-1687.459961,1409.568848,0.019330,46,204,113
-1687.603027,1411.170898,0.019340,46,204,113
-1673.955933,1466.674805,0.019350,46,204,113
-1675.286255,1465.988159,0.019360,46,204,113
-1676.616699,1465.301514,0.019370,46,204,113
-1677.947021,1464.614868,0.019380,46,204,113
-1680.321655,1463.413208,0.019390,46,204,113
-1681.294434,1462.268799,0.019400,46,204,113
-1682.267212,1461.124390,0.019410,46,204,113
-1683.239990,1459.979980,0.019420,46,204,113
-1685.113892,1457.748413,0.019430,46,204,113
-1687.531494,1453.742920,0.019440,46,204,113