X,Y,Z,R,G,B
-4460.578125,-319.976807,0.000010,0,255,0
-4501.991211,-343.666077,0.000020,0,255,0
-4212.227051,-504.741669,0.000030,0,255,0
-2582.545166,119.991302,0.000040,0,255,0
-697.488770,485.973358,0.000050,0,255,0
-4467.759277,-162.906647,0.000060,0,255,0
-4681.563477,-161.361694,0.000070,0,255,0
-4739.141602,-100.650787,0.000080,0,255,0
-4788.036133,-312.080383,0.000090,0,255,0
-4638.147461,-285.987854,0.000100,0,255,0
-4531.159180,-270.938873,0.000110,0,255,0
-4490.961914,-248.222351,0.000120,0,255,0
-5219.736328,42.114258,0.000130,0,255,0
-4892.120117,-19.741058,0.000140,0,255,0
-4466.571777,-247.650146,0.000150,0,255,0
-5020.766113,-282.325745,0.000160,0,255,0
-4906.339844,-295.600891,0.000170,0,255,0
-995.864868,-228.424072,0.000180,0,255,0
-562.877686,-465.774536,0.000190,0,255,0
-559.487366,-449.924469,0.000200,0,255,0
-566.582703,-443.973541,0.000210,0,255,0
-4549.712891,-183.162689,0.000220,0,255,0
-4562.287109,-163.936615,0.000230,0,255,0
-4404.673340,-78.563690,0.000240,0,255,0
-4535.851562,276.031494,0.000250,0,255,0
-4536.838379,-37.250519,0.000260,0,255,0
-4461.779785,-497.417450,0.000270,0,255,0
-4446.272949,-465.145111,0.000280,0,255,0
-4452.180664,-477.161407,0.000290,0,255,0
-4430.623047,-482.997894,0.000300,0,255,0
-4426.660645,-451.240540,0.000310,0,255,0
-4410.009277,-490.093231,0.000320,0,255,0
-4396.905762,-561.790466,0.000330,0,255,0
-4344.005371,-576.610596,0.000340,0,255,0
-4327.011230,-570.602417,0.000350,0,255,0
-4322.261719,-560.760498,0.000360,0,255,0
-4280.104492,20.313263,0.000370,0,255,0
-3023.958252,484.771729,0.000380,0,255,0
-4537.596680,-587.539673,0.000390,0,255,0
-4529.142578,-526.599854,0.000400,0,255,0
-4582.143066,-578.441650,0.000410,0,255,0
-4510.717285,-433.673859,0.000420,0,255,0
-4509.830566,-474.929810,0.000430,0,255,0
-4406.132812,-473.384857,0.000440,0,255,0
-4640.836914,-533.180237,0.000450,0,255,0
-4453.997559,-403.175354,0.000460,0,255,0
-4669.203613,-554.866821,0.000470,0,255,0
-4406.404297,-356.369019,0.000480,0,255,0
-4536.867188,-114.269257,0.000490,0,255,0
-4536.953125,13.160706,0.000500,0,255,0
-4481.320312,-163.421631,0.000510,0,255,0
-4539.198730,-181.274414,0.000520,0,255,0
-4440.479492,59.680939,0.000530,0,255,0
-4442.839844,73.928833,0.000540,0,255,0
-4451.980469,40.969849,0.000550,0,255,0
-4334.421387,27.008057,0.000560,0,255,0
-4310.703125,-38.337708,0.000570,0,255,0
-4321.932617,17.852783,0.000580,0,255,0
-4241.022949,-48.007965,0.000590,0,255,0
-4373.545410,-79.135895,0.000600,0,255,0
-4377.608398,-71.868896,0.000610,0,255,0
-4539.456543,-156.497955,0.000620,0,255,0
-4281.334961,12.016296,0.000630,0,255,0
-4277.243652,-10.414124,0.000640,0,255,0
-4236.717285,-12.760162,0.000650,0,255,0
-4515.437988,-243.473053,0.000660,0,255,0
-4531.517090,-226.020813,0.000670,0,255,0
-4458.589355,-150.260925,0.000680,0,255,0
-4635.629883,-181.560516,0.000690,0,255,0
-4644.026855,-93.154907,0.000700,0,255,0
-4382.901367,-525.856018,0.000710,0,255,0
-4387.364258,-508.918762,0.000720,0,255,0
-4372.201172,-418.567657,0.000730,0,255,0
-4361.915527,-421.886444,0.000740,0,255,0
-4380.469238,-426.750183,0.000750,0,255,0
-4466.371582,-333.824158,0.000760,0,255,0
-4485.225586,-327.587128,0.000770,0,255,0
-4458.174805,-363.292694,0.000780,0,255,0
-4506.754883,-210.456848,0.000790,0,255,0
-4505.481934,-207.881927,0.000800,0,255,0
-4522.046875,-157.871246,0.000810,0,255,0
-4511.947754,-208.969116,0.000820,0,255,0
-4359.455078,-410.671234,0.000830,0,255,0
-4504.666504,-279.407501,0.000840,0,255,0
-4501.604980,-271.797180,0.000850,0,255,0
-4849.920410,9.212494,0.000860,0,255,0
-4890.432129,15.563965,0.000870,0,255,0
-4915.137207,29.697418,0.000880,0,255,0
-4404.144531,-361.404419,0.000890,0,255,0
-4502.191406,-266.532898,0.000900,0,255,0
-4578.695312,-190.544128,0.000910,0,255,0
-4301.476562,-456.447601,0.000920,0,255,0
-3412.871338,-598.125488,0.000930,0,255,0
-3393.602295,-590.972900,0.000940,0,255,0
-3326.568604,-557.327271,0.000950,0,255,0
-3490.304932,-589.084595,0.000960,0,255,0
-4090.847900,-542.449951,0.000970,0,255,0
-4439.048828,-508.632660,0.000980,0,255,0
-4441.123047,-511.264801,0.000990,0,255,0
-4442.367676,-513.610840,0.001000,0,255,0
-4436.917480,-515.613525,0.001010,0,255,0
-4432.897461,-511.379242,0.001020,0,255,0
-4433.398438,-513.725281,0.001030,0,255,0
-4432.067871,-508.117676,0.001040,0,255,0
-956.897705,-228.137970,0.001050,0,255,0
-4093.637451,-537.300110,0.001060,0,255,0
-4478.001465,-410.385132,0.001070,0,255,0
-4624.915039,-431.499481,0.001080,0,255,0
-4627.976562,-426.063538,0.001090,0,255,0
-4659.791016,-385.494232,0.001100,0,255,0
-4715.480957,-340.690613,0.001110,0,255,0
-4728.055176,-347.785950,0.001120,0,255,0
-4735.779785,-356.311798,0.001130,0,255,0
-4706.912109,-372.962952,0.001140,0,255,0
-3512.649414,-589.485168,0.001150,0,255,0
-3469.991699,-589.427979,0.001160,0,255,0
-3980.455322,-534.324646,0.001170,0,255,0
-3127.441406,-675.888062,0.001180,0,255,0
-4565.834961,327.587128,0.001190,0,255,0
-2619.609863,-452.098846,0.001200,0,255,0
-2624.416260,-428.409576,0.001210,0,255,0
-2635.760254,-438.766479,0.001220,0,255,0
-2518.301025,-385.208130,0.001230,0,255,0
-3123.479004,-473.327637,0.001240,0,255,0
-841.126465,-176.811218,0.001250,0,255,0
-4506.740723,-207.424164,0.001260,0,255,0
-3711.791016,558.414429,0.001270,0,255,0
-571.489319,-54.702759,0.001280,0,255,0
-3781.056396,-572.490723,0.001290,0,255,0
-3116.826904,-476.188660,0.001300,0,255,0
-948.200195,-115.642548,0.001310,0,255,0
-4505.424316,-198.898315,0.001320,0,255,0
-2049.765625,-258.922577,0.001330,0,255,0
-1998.281494,-324.897766,0.001340,0,255,0
-4703.664551,66.604614,0.001350,0,255,0
-998.010620,-174.579620,0.001360,0,255,0
-4339.670898,16.365051,0.001370,0,255,0
-4356.637207,15.678406,0.001380,0,255,0
-4374.289551,15.621185,0.001390,0,255,0
-4461.250488,-79.307556,0.001400,0,255,0
-4775.490723,-497.188568,0.001410,0,255,0
-4728.312500,-27.523041,0.001420,0,255,0
-4698.872559,-552.062988,0.001430,0,255,0
-4539.728027,-117.187500,0.001440,0,255,0
-4645.542969,87.890625,0.001450,0,255,0
-4624.542969,-494.670868,0.001460,0,255,0
-4714.708496,-323.181152,0.001470,0,255,0
-4689.974609,-325.012207,0.001480,0,255,0
-4602.312988,-284.328461,0.001490,0,255,0
-4129.771973,-106.029510,0.001500,0,255,0
-4505.395996,-283.470154,0.001510,0,255,0
-4396.062012,-86.917877,0.001520,0,255,0
-2698.316650,300.636292,0.001530,0,255,0
-4940.442871,41.942596,0.001540,0,255,0
-4818.563477,91.609955,0.001550,0,255,0
-4826.932129,68.092346,0.001560,0,255,0
-4568.581543,-159.816742,0.001570,0,255,0
-4406.690430,-75.359344,0.001580,0,255,0
-4950.013184,57.792664,0.001590,0,255,0
-4761.057129,-476.016998,0.001600,0,255,0
-4669.461426,-519.161255,0.001610,0,255,0
-4460.105957,-31.414032,0.001620,0,255,0
-4511.032227,-55.847168,0.001630,0,255,0
-4468.588867,-42.572021,0.001640,0,255,0
-4446.602051,-45.833588,0.001650,0,255,0
-4537.424805,4.291534,0.001660,0,255,0
-4483.094238,42.743683,0.001670,0,255,0
-4448.933594,272.197723,0.001680,0,255,0
-4554.262207,282.783508,0.001690,0,255,0
-4531.746094,243.186951,0.001700,0,255,0
-4669.532715,114.097595,0.001710,0,255,0
-4435.687012,284.729004,0.001720,0,255,0
-4340.100098,236.320496,0.001730,0,255,0
-4107.642090,86.002350,0.001740,0,255,0
-4108.128418,86.688995,0.001750,0,255,0
-3816.876465,577.125549,0.001760,0,255,0
-3737.397217,550.918579,0.001770,0,255,0
-3880.562744,598.239868,0.001780,0,255,0
-4023.485107,-533.294678,0.001790,0,255,0
-3037.605225,235.748291,0.001800,0,255,0
-4605.431641,-441.226959,0.001810,0,255,0
-4603.757812,-442.943573,0.001820,0,255,0
-4649.620117,-420.799255,0.001830,0,255,0
-4651.193848,-421.314240,0.001840,0,255,0
-4686.670410,-387.210846,0.001850,0,255,0
-4689.102051,-389.785767,0.001860,0,255,0
-4647.674805,-370.845795,0.001870,0,255,0
-4649.934570,-369.586945,0.001880,0,255,0
-4655.785645,-106.830597,0.001890,0,255,0
-4771.914551,-486.030579,0.001900,0,255,0
-4530.944824,-146.541595,0.001910,0,255,0
-4856.572266,309.734344,0.001920,0,255,0
-4513.506836,-175.037384,0.001930,0,255,0
-4810.495605,-8.411407,0.001940,0,255,0
-4784.059570,31.471252,0.001950,0,255,0
-4818.506348,17.452240,0.001960,0,255,0
-4822.497559,-15.678406,0.001970,0,255,0
-4827.260742,-14.934540,0.001980,0,255,0
-4681.377441,-78.907013,0.001990,0,255,0
-4693.994629,-63.858032,0.002000,0,255,0
-4663.725098,-73.413849,0.002010,0,255,0
-4512.806152,-176.753998,0.002020,0,255,0
-714.654907,-523.910522,0.002030,0,255,0
-518.689148,-449.008942,0.002040,0,255,0
-1392.116577,-94.528198,0.002050,0,255,0
-1643.285767,-200.614929,0.002060,0,255,0
-1629.223877,-247.192383,0.002070,0,255,0
-1990.456543,-322.208405,0.002080,0,255,0
-2554.721924,-393.791199,0.002090,0,255,0
-2510.476074,-589.599609,0.002100,0,255,0
-1994.562134,-321.464539,0.002110,0,255,0
-4743.561523,77.533722,0.002120,0,255,0
-4589.209473,-147.514343,0.002130,0,255,0
-4428.863281,-375.308990,0.002140,0,255,0
-4422.798340,-373.821259,0.002150,0,255,0
-4418.492188,-372.791290,0.002160,0,255,0
-4407.076660,-369.186401,0.002170,0,255,0
-4541.959961,-191.802979,0.002180,0,255,0
-4506.111328,-297.489166,0.002190,0,255,0
-4684.553223,15.792847,0.002200,0,255,0
-4460.420410,-359.745026,0.002210,0,255,0
-4329.199707,-530.948608,0.002220,0,255,0
-4513.435547,80.795288,0.002230,0,255,0
-4363.975586,-556.926758,0.002240,0,255,0
-4650.306641,-336.627960,0.002250,0,255,0
-4514.079102,-333.251953,0.002260,0,255,0
-3785.905762,546.455383,0.002270,0,255,0
-3707.914307,556.812256,0.002280,0,255,0
-3690.190430,543.880493,0.002290,0,255,0
-2026.791626,-650.367737,0.002300,0,255,0
-1769.828857,-590.400696,0.002310,0,255,0
-1249.308594,-230.484009,0.002320,0,255,0
-1347.627686,-224.876404,0.002330,0,255,0
-1326.198608,-197.582245,0.002340,0,255,0
-1329.402954,-197.238922,0.002350,0,255,0
-1329.746216,-134.353638,0.002360,0,255,0
-1086.530640,-198.783875,0.002370,0,255,0
-957.241089,-195.236206,0.002380,0,255,0
-938.501343,-191.688538,0.002390,0,255,0
-954.022400,-156.726837,0.002400,0,255,0
-968.070007,-54.187775,0.002410,0,255,0
-954.551697,-54.302216,0.002420,0,255,0
-946.683899,-54.073334,0.002430,0,255,0
-922.207825,-51.898956,0.002440,0,255,0
-927.200317,-52.642822,0.002450,0,255,0
-935.511597,-126.972198,0.002460,0,255,0
-903.911621,-162.506104,0.002470,0,255,0
-1365.280151,-250.968933,0.002480,0,255,0
-1361.846924,-247.364044,0.002490,0,255,0
-1296.529785,-235.004425,0.002500,0,255,0
-1342.892700,-241.127014,0.002510,0,255,0
-1372.761719,-117.130280,0.002520,0,255,0
-1179.971680,-213.260651,0.002530,0,255,0
-798.811890,-266.361237,0.002540,0,255,0
-3176.450684,-502.223969,0.002550,0,255,0
-2806.234375,-354.080200,0.002560,0,255,0
-1993.660889,-325.183868,0.002570,0,255,0
-2853.798828,-419.883728,0.002580,0,255,0
-2848.648926,-420.742035,0.002590,0,255,0
-3120.360352,-478.820801,0.002600,0,255,0
-4456.028809,-301.952362,0.002610,0,255,0
-4411.396973,-357.456207,0.002620,0,255,0
-4408.092285,-356.884003,0.002630,0,255,0
-4088.287354,-554.695129,0.002640,0,255,0
-4092.664795,-534.095764,0.002650,0,255,0
-4660.492188,-324.897766,0.002660,0,255,0
-4510.445801,-253.314972,0.002670,0,255,0
-4659.089844,-80.795288,0.002680,0,255,0
-4542.489258,284.385681,0.002690,0,255,0
-4533.920410,142.421722,0.002700,0,255,0
-4528.126953,144.367218,0.002710,0,255,0
-4512.391113,138.645172,0.002720,0,255,0
-4507.355469,142.021179,0.002730,0,255,0
-4500.803711,138.473511,0.002740,0,255,0
-4505.739258,135.498047,0.002750,0,255,0
-4939.255859,42.686462,0.002760,0,255,0
-3763.160645,-634.746582,0.002770,0,255,0
-3402.085205,-603.332520,0.002780,0,255,0
-3373.832764,-605.163574,0.002790,0,255,0
-3379.483154,-579.185486,0.002800,0,255,0
-3117.828369,-476.703644,0.002810,0,255,0
-2705.511963,-409.355164,0.002820,0,255,0
-2526.755371,-370.101929,0.002830,0,255,0
-2031.912842,-307.559967,0.002840,0,255,0
-2032.070190,-308.074951,0.002850,0,255,0
-1994.905518,-320.949554,0.002860,0,255,0
-1993.117310,-321.121216,0.002870,0,255,0
-1400.470703,-267.047882,0.002880,0,255,0
-1328.158325,-226.650238,0.002890,0,255,0
-1330.103882,-226.764679,0.002900,0,255,0
-3520.059570,-679.550171,0.002910,0,255,0
-983.490967,-212.173462,0.002920,0,255,0
-985.722534,-212.287903,0.002930,0,255,0
-975.565918,-217.952728,0.002940,0,255,0
-725.927368,-144.138336,0.002950,0,255,0
-587.139160,-406.150818,0.002960,0,255,0
-574.178711,-97.045898,0.002970,0,255,0
-1955.781006,-173.320770,0.002980,0,255,0
-1025.190308,-111.064911,0.002990,0,255,0
-4019.222168,-532.550781,0.003000,0,255,0
-3168.740234,-549.030273,0.003010,0,255,0
-3169.040771,-556.697876,0.003020,0,255,0
-3186.736084,-555.610657,0.003030,0,255,0
-3148.641602,-565.223694,0.003040,0,255,0
-2397.737549,-345.325470,0.003050,0,255,0
-2396.693115,-341.262817,0.003060,0,255,0
-2411.699219,-344.867706,0.003070,0,255,0
-2420.697266,-346.813202,0.003080,0,255,0
-2423.987305,-349.388123,0.003090,0,255,0
-532.493591,-33.760071,0.003100,0,255,0
-755.395874,-540.161133,0.003110,0,255,0
-1097.788818,-553.264648,0.003120,0,255,0
-962.247864,-619.525879,0.003130,0,255,0
-954.437256,-594.463379,0.003140,0,255,0
-4676.699707,-159.988403,0.003150,0,255,0
-4509.429688,14.190674,0.003160,0,255,0
-4497.485352,-93.326569,0.003170,0,255,0
-4455.356445,-133.552551,0.003180,0,255,0
-4271.421387,-468.521118,0.003190,0,255,0
-3847.875488,-63.285828,0.003200,0,255,0
-3280.549072,403.575897,0.003210,0,255,0
-3486.986084,283.069611,0.003220,0,255,0
-4851.694336,427.951813,0.003230,0,255,0
-4509.186523,-230.255127,0.003240,0,255,0
-4494.824219,-234.889984,0.003250,0,255,0
-4517.297852,-232.372284,0.003260,0,255,0
-4506.840820,-212.974548,0.003270,0,255,0
-4487.714844,-250.625610,0.003280,0,255,0
-4107.985352,84.571838,0.003290,0,255,0
-4267.816406,34.503937,0.003300,0,255,0
-3803.558350,592.632324,0.003310,0,255,0
-3834.629150,579.872131,0.003320,0,255,0
-3773.617676,564.365356,0.003330,0,255,0
-4539.055664,-182.819366,0.003340,0,255,0
-4533.133301,-190.944672,0.003350,0,255,0
-4634.942871,-552.864075,0.003360,0,255,0
-4621.925293,-576.839478,0.003370,0,255,0
-2950.358398,656.833618,0.003380,0,255,0
-2737.155029,892.410278,0.003390,0,255,0
-4490.732910,-478.019714,0.003400,0,255,0
-4534.363770,-172.977448,0.003410,0,255,0
-4531.517090,-141.391754,0.003420,0,255,0
-4522.146973,-133.666992,0.003430,0,255,0
-4527.311523,-130.290985,0.003440,0,255,0
-4458.675293,-77.705383,0.003450,0,255,0
-4498.815430,-122.337341,0.003460,0,255,0
-4491.434082,-126.171112,0.003470,0,255,0
-4490.933594,-127.201080,0.003480,0,255,0
-4490.218262,-129.032135,0.003490,0,255,0
-4466.142578,-128.917694,0.003500,0,255,0
-4447.359863,-137.786865,0.003510,0,255,0
-4448.976562,-139.102936,0.003520,0,255,0
-4450.521484,-140.361786,0.003530,0,255,0
-4452.009277,-141.677856,0.003540,0,255,0
-4453.511230,-142.993927,0.003550,0,255,0
-4457.859863,-146.255493,0.003560,0,255,0
-4460.578125,-154.037476,0.003570,0,255,0
-4464.225586,-171.260834,0.003580,0,255,0
-4466.357422,-179.615021,0.003590,0,255,0
-4467.873535,-184.993744,0.003600,0,255,0
-4468.159668,-194.492340,0.003610,0,255,0
-4469.061035,-203.647614,0.003620,0,255,0
-4474.525391,-248.851776,0.003630,0,255,0
-4479.274902,-224.018097,0.003640,0,255,0
-4448.904785,-143.795013,0.003650,0,255,0
-4521.732422,-171.146393,0.003660,0,255,0
-4213.757324,-499.877930,0.003670,0,255,0
-716.056824,-526.142090,0.003680,0,255,0
-1036.505737,-574.264526,0.003690,0,255,0
-1297.259277,-235.004425,0.003700,0,255,0
-945.053101,-195.980072,0.003710,0,255,0
-869.379028,-175.037384,0.003720,0,255,0
-886.845581,-178.184509,0.003730,0,255,0
-976.552979,-166.168213,0.003740,0,255,0
-572.319031,-98.075867,0.003750,0,255,0
-1207.265869,-488.777161,0.003760,0,255,0
-1378.140503,-354.423523,0.003770,0,255,0
-2061.753174,729.274780,0.003780,0,255,0
-2063.641602,631.084473,0.003790,0,255,0
-2269.477783,493.640900,0.003800,0,255,0
-2337.012207,447.463989,0.003810,0,255,0
-3081.250244,448.436737,0.003820,0,255,0
-2227.506592,726.299316,0.003830,0,255,0
-4507.255371,-411.472321,0.003840,0,255,0
-4478.330566,-146.255493,0.003850,0,255,0
-3217.306152,339.374542,0.003860,0,255,0
-4495.353516,-164.966583,0.003870,0,255,0
-4495.310547,-165.195465,0.003880,0,255,0
-4495.739746,-188.026428,0.003890,0,255,0
-4502.749512,-195.865631,0.003900,0,255,0
-4502.892578,-195.579529,0.003910,0,255,0
-4492.320801,-221.557617,0.003920,0,255,0
-4736.423340,61.798096,0.003930,0,255,0
-4737.811035,64.716339,0.003940,0,255,0
-4732.575195,63.743591,0.003950,0,255,0
-4712.133301,-147.399902,0.003960,0,255,0
-4741.272949,-101.623535,0.003970,0,255,0
-4788.394043,-68.435669,0.003980,0,255,0
-4853.939941,-32.730103,0.003990,0,255,0
-4858.088379,-29.525757,0.004000,0,255,0
-4985.976074,2.975464,0.004010,0,255,0
-5080.919434,11.043549,0.004020,0,255,0
-4904.165039,-293.140411,0.004030,0,255,0
-2214.775146,724.582642,0.004040,0,255,0
-2168.297852,741.806030,0.004050,0,255,0
-4514.508301,-186.023712,0.004060,0,255,0
-4516.939941,-178.356171,0.004070,0,255,0
-4525.551758,-176.467896,0.004080,0,255,0
-4524.865234,-177.783966,0.004090,0,255,0
-4520.716797,-177.097321,0.004100,0,255,0
-4522.676270,-177.440643,0.004110,0,255,0
-4541.587891,-155.582428,0.004120,0,255,0
-4563.517578,-160.617828,0.004130,0,255,0
-4542.260254,-155.467987,0.004140,0,255,0
-4542.360352,-155.696869,0.004150,0,255,0
-4541.730957,-155.239105,0.004160,0,255,0
-4541.473633,-155.982971,0.004170,0,255,0
-4541.945312,-155.925751,0.004180,0,255,0
-4522.375977,-161.075592,0.004190,0,255,0
-4521.246094,-158.557892,0.004200,0,255,0
-4537.253418,-117.988586,0.004210,0,255,0
-4503.822266,-138.359070,0.004220,0,255,0
-4600.195801,-559.959412,0.004230,0,255,0
-4577.350586,-584.793091,0.004240,0,255,0
-4537.153320,-229.167938,0.004250,0,255,0
-4526.567383,-247.821808,0.004260,0,255,0
-4579.510742,-190.773010,0.004270,0,255,0
-4520.501953,-153.408051,0.004280,0,255,0
-4636.473633,-180.644989,0.004290,0,255,0
-4659.418945,-145.454407,0.004300,0,255,0
-4621.896973,-204.505920,0.004310,0,255,0
-4511.890625,-207.710266,0.004320,0,255,0
-4667.315430,72.612762,0.004330,0,255,0
-4653.568359,78.563690,0.004340,0,255,0
-4621.481934,84.514618,0.004350,0,255,0
-4578.251953,67.977905,0.004360,0,255,0
-4517.555176,93.326569,0.004370,0,255,0
-4577.894043,113.811493,0.004380,0,255,0
-4544.219727,-155.010223,0.004390,0,255,0
-4488.901855,24.662018,0.004400,0,255,0
-4540.057129,-457.191467,0.004410,0,255,0
-4645.700684,-332.851410,0.004420,0,255,0
-4576.320801,-357.227325,0.004430,0,255,0
-4609.995117,-337.886810,0.004440,0,255,0
-4529.714355,-317.974091,0.004450,0,255,0
-4928.741211,79.536438,0.004460,0,255,0
-4911.246094,108.833313,0.004470,0,255,0
-4450.793457,-91.838837,0.004480,0,255,0
-2355.823486,519.905090,0.004490,0,255,0
-4417.633789,-341.548920,0.004500,0,255,0
-4416.332031,-342.807770,0.004510,0,255,0
-4428.362793,-332.851410,0.004520,0,255,0
-4442.395996,-312.366486,0.004530,0,255,0
-4438.347656,-313.796997,0.004540,0,255,0
-4443.168457,-305.213928,0.004550,0,255,0
-4441.838379,-304.527283,0.004560,0,255,0
-4412.956055,-358.543396,0.004570,0,255,0
-4401.269043,-365.352631,0.004580,0,255,0
-4497.041504,-220.699310,0.004590,0,255,0
-4503.908203,-297.660828,0.004600,0,255,0
-4500.875488,-285.015106,0.004610,0,255,0
-4495.239258,-320.835114,0.004620,0,255,0
-4483.051270,-146.713257,0.004630,0,255,0
-4405.102539,-512.409180,0.004640,0,255,0
-4526.310059,-228.366852,0.004650,0,255,0
-4518.041504,-128.803253,0.004660,0,255,0
-4507.069824,-193.176270,0.004670,0,255,0
-4515.566895,-165.309906,0.004680,0,255,0
-4527.282715,-160.388947,0.004690,0,255,0
-4584.188477,-146.484375,0.004700,0,255,0
-4297.985840,-454.730988,0.004710,0,255,0
-4673.810059,-161.705017,0.004720,0,255,0
-546.083435,-456.790924,0.004730,0,255,0
-573.992737,-433.158875,0.004740,0,255,0
-4533.934570,-227.394104,0.004750,0,255,0
-4536.166016,-219.383240,0.004760,0,255,0
-4507.842285,-207.996368,0.004770,0,255,0
-4506.454590,-208.396912,0.004780,0,255,0
-4506.869141,-208.396912,0.004790,0,255,0
-4666.399902,-60.310364,0.004800,0,255,0
-4560.499023,-93.441010,0.004810,0,255,0
-2039.823486,683.383911,0.004820,0,255,0
-4564.390137,-100.364685,0.004830,0,255,0
-4654.984375,-560.474365,0.004840,0,255,0
-4592.771484,-195.522308,0.004850,0,255,0
-4894.938477,71.697235,0.004860,0,255,0
-4621.109863,-384.464264,0.004870,0,255,0
-4100.947266,-531.520874,0.004880,0,255,0
-4834.170410,-300.292969,0.004890,0,255,0
-4101.247559,-534.095764,0.004900,0,255,0
-4826.016602,-10.471344,0.004910,0,255,0
-4521.417480,-419.082642,0.004920,0,255,0
-4318.299316,-452.041626,0.004930,0,255,0
-1035.575928,-573.635132,0.004940,0,255,0
-1207.079834,-488.319397,0.004950,0,255,0
-1049.537598,-571.575195,0.004960,0,255,0
-1366.024048,-352.363586,0.004970,0,255,0
-1367.926636,-352.878571,0.004980,0,255,0
-4667.086426,-338.058472,0.004990,0,255,0
-4503.994141,-255.374908,0.005000,0,255,0
-4624.972168,-202.388763,0.005010,0,255,0
-4511.332520,-218.009949,0.005020,0,255,0
-1945.223755,871.009827,0.005030,0,255,0
-5220.751953,41.027069,0.005040,0,255,0
-4397.449707,-482.769012,0.005050,0,255,0
-4579.725098,-142.192841,0.005060,0,255,0
-3638.262695,687.160522,0.005070,0,255,0
-3438.663574,288.848877,0.005080,0,255,0
-3439.364502,290.107727,0.005090,0,255,0
-3631.925537,692.825317,0.005100,0,255,0
-3360.414551,327.930450,0.005110,0,255,0
-3806.118896,589.599609,0.005120,0,255,0
-4222.970215,-500.679016,0.005130,0,255,0
-3641.223877,882.339478,0.005140,0,255,0
-3640.551514,887.546509,0.005150,0,255,0
-2228.135986,908.489258,0.005160,0,255,0
-2226.133301,906.772583,0.005170,0,255,0
-4661.979492,37.593842,0.005180,0,255,0
-4516.768555,81.424713,0.005190,0,255,0
-4523.077148,18.367767,0.005200,0,255,0
-4555.291992,-189.914703,0.005210,0,255,0
-823.531128,-43.659210,0.005220,0,255,0
-824.646973,-43.544769,0.005230,0,255,0
-770.101562,-41.427612,0.005240,0,255,0
-609.140381,-17.280579,0.005250,0,255,0
-823.602661,-43.659210,0.005260,0,255,0
-852.499023,-46.577454,0.005270,0,255,0
-635.147095,-21.114349,0.005280,0,255,0
-852.184326,-46.577454,0.005290,0,255,0
-635.733582,-21.629333,0.005300,0,255,0
-551.648132,-5.664825,0.005310,0,255,0
-2331.533447,557.327271,0.005320,0,255,0
-2313.780762,714.168579,0.005330,0,255,0
-2275.085449,712.680786,0.005340,0,255,0
-4611.125000,-435.905457,0.005350,0,255,0
-4622.597656,-383.720398,0.005360,0,255,0
-4568.738770,-412.502289,0.005370,0,255,0
-4715.094727,-356.884003,0.005380,0,255,0
-4541.759277,-231.685638,0.005390,0,255,0
-4130.101074,80.337524,0.005400,0,255,0
-4117.970703,81.138611,0.005410,0,255,0
-2849.335693,573.177368,0.005420,0,255,0
-4529.557129,-240.383148,0.005430,0,255,0
-4532.289551,-237.121582,0.005440,0,255,0
-2543.478027,649.566650,0.005450,0,255,0
-3051.996338,454.902649,0.005460,0,255,0
-2362.446777,749.874146,0.005470,0,255,0
-3048.262695,461.425781,0.005480,0,255,0
-2741.746826,572.319031,0.005490,0,255,0
-2540.202148,633.716553,0.005500,0,255,0
-2248.020264,790.386230,0.005510,0,255,0
-2334.151367,775.794983,0.005520,0,255,0
-2740.902832,572.490723,0.005530,0,255,0
-2541.704102,653.171509,0.005540,0,255,0
-3283.553223,400.257111,0.005550,0,255,0
-2722.706787,571.289062,0.005560,0,255,0
-2647.733643,586.738586,0.005570,0,255,0
-4571.070801,-93.727112,0.005580,0,255,0
-4529.142578,268.936157,0.005590,0,255,0
-4563.045410,1.831055,0.005600,0,255,0
-4515.953125,81.710815,0.005610,0,255,0
-4843.940918,24.318695,0.005620,0,255,0
-4550.142090,-179.157257,0.005630,0,255,0
-4558.553711,3.376007,0.005640,0,255,0
-4540.400391,638.980835,0.005650,0,255,0
-4539.541992,640.296936,0.005660,0,255,0
-4933.991211,-0.801086,0.005670,0,255,0
-4912.605469,19.111633,0.005680,0,255,0
-4914.865723,20.370483,0.005690,0,255,0
-4931.173340,13.732910,0.005700,0,255,0
-4960.670410,29.754639,0.005710,0,255,0
-4171.600586,58.364868,0.005720,0,255,0
-4165.134277,69.694519,0.005730,0,255,0
-2229.795410,900.878906,0.005740,0,255,0
-4438.147461,-505.943298,0.005750,0,255,0
-4500.360352,-149.745941,0.005760,0,255,0
-4487.070801,-140.075684,0.005770,0,255,0
-4490.732910,-160.217285,0.005780,0,255,0
-4546.694824,-189.056396,0.005790,0,255,0
-4524.350098,-175.380707,0.005800,0,255,0
-4569.253906,-466.175079,0.005810,0,255,0
-4607.877930,84.228516,0.005820,0,255,0
-4135.222656,377.254486,0.005830,0,255,0
-4694.938477,103.454590,0.005840,0,255,0
-4578.781250,-132.007599,0.005850,0,255,0
-4530.529785,-171.031952,0.005860,0,255,0
-4466.986816,-266.532898,0.005870,0,255,0
-4468.445801,-268.135071,0.005880,0,255,0
-4830.050293,-289.936066,0.005890,0,255,0
-4491.491211,-251.541138,0.005900,0,255,0
-4490.447266,-250.682831,0.005910,0,255,0
-5279.817383,120.334625,0.005920,0,255,0
-5138.912109,248.451233,0.005930,0,255,0
-3897.914795,612.602234,0.005940,0,255,0
-4300.002930,-448.265076,0.005950,0,255,0
-4510.302734,-223.789215,0.005960,0,255,0
-4810.137695,-2.632141,0.005970,0,255,0
-4811.268066,-0.514984,0.005980,0,255,0
-4577.951660,317.230225,0.005990,0,255,0
-4816.489258,-304.641724,0.006000,0,255,0
-5107.827148,146.770477,0.006010,0,255,0
-5155.834961,258.750916,0.006020,0,255,0
-5182.056641,85.830688,0.006030,0,255,0
-3546.795898,939.617188,0.006040,0,255,0
-3454.971191,976.982117,0.006050,0,255,0
-3603.143799,975.723267,0.006060,0,255,0
-3431.582520,899.677246,0.006070,0,255,0
-1620.054199,-138.359070,0.006080,0,255,0
-4131.059570,-116.672516,0.006090,0,255,0
-4547.839355,-145.397186,0.006100,0,255,0
-4235.372559,-114.269257,0.006110,0,255,0
-4255.041992,-90.808868,0.006120,0,255,0
-4256.815918,-90.808868,0.006130,0,255,0
-4264.941406,-93.097687,0.006140,0,255,0
-4232.640137,-112.323761,0.006150,0,255,0
-4248.576172,-91.094971,0.006160,0,255,0
-3040.666504,468.578339,0.006170,0,255,0
-2907.757812,-306.129456,0.006180,0,255,0
-4896.454590,50.239563,0.006190,0,255,0
-4538.655273,-28.266907,0.006200,0,255,0
-3851.981201,-60.653687,0.006210,0,255,0
-3854.556152,-59.909821,0.006220,0,255,0
-4742.145508,-328.903198,0.006230,0,255,0
-4362.344727,-499.591827,0.006240,0,255,0
-3776.092529,-573.520630,0.006250,0,255,0
-4396.920410,233.860016,0.006260,0,255,0
-3047.104004,225.620270,0.006270,0,255,0
-4483.623535,-191.860199,0.006280,0,255,0
-4586.791992,-141.391754,0.006290,0,255,0
-3915.667480,-534.210205,0.006300,0,255,0
-3914.823486,-534.381836,0.006310,0,255,0
-3887.529297,-528.430908,0.006320,0,255,0
-3905.324951,-525.341064,0.006330,0,255,0
-4543.733398,-112.495422,0.006340,0,255,0
-4546.809082,-107.288361,0.006350,0,255,0
-4549.284180,-101.451874,0.006360,0,255,0
-4357.581055,252.113342,0.006370,0,255,0
-4356.980469,252.685547,0.006380,0,255,0
-4406.890625,-73.986053,0.006390,0,255,0
-4406.776367,-76.904297,0.006400,0,255,0
-4540.958496,-155.639648,0.006410,0,255,0
-4565.348633,-155.582428,0.006420,0,255,0
-4568.953613,-149.116516,0.006430,0,255,0
-4690.933105,-100.078583,0.006440,0,255,0
-4489.574219,-252.170563,0.006450,0,255,0
-4445.114258,-134.639740,0.006460,0,255,0
-4516.696777,-212.917328,0.006470,0,255,0
-4501.547852,-165.309906,0.006480,0,255,0
-4431.095215,-149.288177,0.006490,0,255,0
-1988.525391,-325.126648,0.006500,0,255,0
-4584.517578,-137.500763,0.006510,0,255,0
-4566.436035,-151.576996,0.006520,0,255,0
-4538.626465,-231.342316,0.006530,0,255,0
-4524.564941,-171.604156,0.006540,0,255,0
-4508.886230,-186.023712,0.006550,0,255,0
-4145.693848,-114.784241,0.006560,0,255,0
-4161.973145,-81.710815,0.006570,0,255,0
-4507.413086,135.498047,0.006580,0,255,0
-4512.076172,137.672424,0.006590,0,255,0
-4500.904297,139.389038,0.006600,0,255,0
-4505.567383,142.021179,0.006610,0,255,0
-4569.010742,-124.797821,0.006620,0,255,0
-4570.412598,-129.432678,0.006630,0,255,0
-4570.598633,-128.459930,0.006640,0,255,0
-4569.940430,-127.258301,0.006650,0,255,0
-4564.290039,-97.503662,0.006660,0,255,0
-4480.519531,-176.982880,0.006670,0,255,0
-4505.467285,-280.895233,0.006680,0,255,0
-4572.830078,-157.299042,0.006690,0,255,0
-4866.442871,19.340515,0.006700,0,255,0
-4542.246094,-456.333160,0.006710,0,255,0
-4543.361816,-456.333160,0.006720,0,255,0
-4177.365234,-517.559082,0.006730,0,255,0
-4604.930664,-135.898590,0.006740,0,255,0
-4089.760742,-534.496338,0.006750,0,255,0
-4543.976562,51.212311,0.006760,0,255,0
-4538.812500,-33.760071,0.006770,0,255,0
-4551.358398,-18.196106,0.006780,0,255,0
-4574.518066,-14.247894,0.006790,0,255,0
-4616.575195,13.446808,0.006800,0,255,0
-2258.133789,745.353699,0.006810,0,255,0
-4786.892090,-312.423706,0.006820,0,255,0
-4790.225098,-310.535431,0.006830,0,255,0
-2070.221924,630.969971,0.006840,0,255,0
-4597.592285,-479.907990,0.006850,0,255,0
-4601.354492,-480.308533,0.006860,0,255,0
-4557.566406,-306.701660,0.006870,0,255,0
-4511.675781,-300.807953,0.006880,0,255,0
-4546.995117,-145.854950,0.006890,0,255,0
-4816.460449,-1.430511,0.006900,0,255,0
-4822.840820,-9.326935,0.006910,0,255,0
-4620.037109,12.588501,0.006920,0,255,0
-4556.665527,-467.605591,0.006930,0,255,0
-4496.970215,-284.442902,0.006940,0,255,0
-4508.414062,-210.571289,0.006950,0,255,0
-4457.773926,-146.026611,0.006960,0,255,0
-4456.271973,-145.454407,0.006970,0,255,0
-4456.200684,-145.282745,0.006980,0,255,0
-4504.451660,-157.527924,0.006990,0,255,0
-4916.181641,24.147034,0.007000,0,255,0
-4813.156250,-8.983612,0.007010,0,255,0
-4818.520508,-6.637573,0.007020,0,255,0
-4813.313477,-4.005432,0.007030,0,255,0
-4804.187012,-3.261566,0.007040,0,255,0
-4810.595703,-2.059937,0.007050,0,255,0
-4439.120117,-93.955994,0.007060,0,255,0
-4414.944824,-91.896057,0.007070,0,255,0
-2098.517334,-668.220520,0.007080,0,255,0
-4451.451172,-299.663544,0.007090,0,255,0
-4136.624512,-119.419098,0.007100,0,255,0
-4485.168457,-102.424622,0.007110,0,255,0
-4467.387207,-98.991394,0.007120,0,255,0
-4465.713379,-98.876953,0.007130,0,255,0
-4461.207520,-98.361969,0.007140,0,255,0
-4458.017578,-97.961426,0.007150,0,255,0
-4451.995117,-96.359253,0.007160,0,255,0
-4445.872070,-95.615387,0.007170,0,255,0
-4440.622559,-95.043182,0.007180,0,255,0
-4433.226562,-94.184875,0.007190,0,255,0
-4418.249023,-92.468262,0.007200,0,255,0
-4410.967773,-91.609955,0.007210,0,255,0
-4354.319336,-50.525665,0.007220,0,255,0
-4289.459961,-34.961700,0.007230,0,255,0
-4502.363281,-241.298676,0.007240,0,255,0
-1403.117188,-270.366669,0.007250,0,255,0
-3792.943848,-570.602417,0.007260,0,255,0
-3802.299561,-570.316284,0.007270,0,255,0
-4808.821777,-0.171661,0.007280,0,255,0
-4542.417480,-190.200806,0.007290,0,255,0
-4534.249512,-185.050964,0.007300,0,255,0
-4816.432129,-26.321411,0.007310,0,255,0
-4827.475586,-14.762878,0.007320,0,255,0
-4819.622070,-12.874603,0.007330,0,255,0
-4815.430664,-2.975464,0.007340,0,255,0
-4829.349609,8.411407,0.007350,0,255,0
-4763.846191,-367.813110,0.007360,0,255,0
-4818.163086,-11.672974,0.007370,0,255,0
-4809.908691,-10.528564,0.007380,0,255,0
-4810.323730,-10.414124,0.007390,0,255,0
-4662.880859,-340.175629,0.007400,0,255,0
-4726.681641,-324.726105,0.007410,0,255,0
-4736.194824,-320.377350,0.007420,0,255,0
-4727.926270,-320.091248,0.007430,0,255,0
-4565.906738,-312.423706,0.007440,0,255,0
-4565.062500,-311.737061,0.007450,0,255,0
-4529.213867,-265.331268,0.007460,0,255,0
-4818.005371,-6.694794,0.007470,0,255,0
-4810.853027,-10.299683,0.007480,0,255,0
-4802.270020,-6.923676,0.007490,0,255,0
-4801.926758,-6.580353,0.007500,0,255,0
-4796.461914,-2.002716,0.007510,0,255,0
-4792.728516,1.602173,0.007520,0,255,0
-4801.754883,15.449524,0.007530,0,255,0
-4824.557129,-10.128021,0.007540,0,255,0
-4795.804199,-8.697510,0.007550,0,255,0
-4795.432129,-8.411407,0.007560,0,255,0
-4797.377441,-8.125305,0.007570,0,255,0
-4795.031738,-8.068085,0.007580,0,255,0
-4797.563477,-7.839203,0.007590,0,255,0
-4797.535156,-7.438660,0.007600,0,255,0
-4797.091309,-7.266998,0.007610,0,255,0
-4795.145996,-7.209778,0.007620,0,255,0
-4796.504883,-7.152557,0.007630,0,255,0
-4795.546387,-7.152557,0.007640,0,255,0
-4795.932617,-7.152557,0.007650,0,255,0
-4788.551270,8.869171,0.007660,0,255,0
-4837.946777,18.367767,0.007670,0,255,0
-4784.245605,8.811951,0.007680,0,255,0
-4783.258301,10.700226,0.007690,0,255,0
-4972.314941,117.759705,0.007700,0,255,0
-4510.989258,-280.952454,0.007710,0,255,0
-4520.258789,-277.118683,0.007720,0,255,0
-4520.831055,-276.889801,0.007730,0,255,0
-4534.263672,-19.683838,0.007740,0,255,0
-4530.444336,-15.964508,0.007750,0,255,0
-2101.693115,-270.595551,0.007760,0,255,0
-2118.573242,-235.404968,0.007770,0,255,0
-5321.631348,30.670166,0.007780,0,255,0
-3378.911133,-578.956604,0.007790,0,255,0
-4528.884766,-285.186768,0.007800,0,255,0
-4539.799805,-182.590485,0.007810,0,255,0
-4678.659668,-160.617828,0.007820,0,255,0
-4520.430664,274.257660,0.007830,0,255,0
-4521.889648,275.402069,0.007840,0,255,0
-4498.572266,277.233124,0.007850,0,255,0
-1416.864380,-632.228882,0.007860,0,255,0
-1483.998291,-571.575195,0.007870,0,255,0
-1439.452148,-604.305298,0.007880,0,255,0
-4395.017578,254.230499,0.007890,0,255,0
-4393.758789,256.919861,0.007900,0,255,0
-4465.083984,227.279663,0.007910,0,255,0
-4412.927734,317.344666,0.007920,0,255,0
-4425.988281,344.009399,0.007930,0,255,0
-4284.124512,-464.801788,0.007940,0,255,0
-4637.174805,-287.475586,0.007950,0,255,0
-4471.692871,-257.434845,0.007960,0,255,0
-4470.949219,-256.004333,0.007970,0,255,0
-4473.323730,-253.658295,0.007980,0,255,0
-4470.062500,-220.756531,0.007990,0,255,0
-4468.216797,-219.440460,0.008000,0,255,0
-4469.289551,-211.029053,0.008010,0,255,0
-4469.018066,-202.274323,0.008020,0,255,0
-4468.116699,-192.260742,0.008030,0,255,0
-4463.982422,-168.228149,0.008040,0,255,0
-4461.836914,-161.018372,0.008050,0,255,0
-5084.709961,81.596375,0.008060,0,255,0
-4963.903320,110.836029,0.008070,0,255,0
-5018.134277,111.865997,0.008080,0,255,0
-4739.584961,68.836212,0.008090,0,255,0
-3123.564697,-455.245972,0.008100,0,255,0
-5158.696289,256.118774,0.008110,0,255,0
-4815.602539,-2.803802,0.008120,0,255,0
-2983.632080,174.522400,0.008130,0,255,0
-3336.553467,350.475311,0.008140,0,255,0
-3270.606934,403.976440,0.008150,0,255,0
-4809.394043,-10.070801,0.008160,0,255,0
-1617.279053,-138.015747,0.008170,0,255,0
-1584.963745,-127.029419,0.008180,0,255,0
-1581.988281,-126.285553,0.008190,0,255,0
-1549.930542,-116.901398,0.008200,0,255,0
-1547.155396,-116.558075,0.008210,0,255,0
-1521.606445,-110.321045,0.008220,0,255,0
-1519.246094,-109.977722,0.008230,0,255,0
-4717.555176,69.179535,0.008240,0,255,0
-2229.809814,840.282471,0.008250,0,255,0
-691.781067,-547.771484,0.008260,0,255,0
-1267.862305,-395.507812,0.008270,0,255,0
-1265.845337,-394.763947,0.008280,0,255,0
-1268.920898,-394.477844,0.008290,0,255,0
-1270.165405,-394.020081,0.008300,0,255,0
-1260.938599,-392.990112,0.008310,0,255,0
-1271.410034,-392.246246,0.008320,0,255,0
-1256.461182,-391.273499,0.008330,0,255,0
-1274.285278,-389.614105,0.008340,0,255,0
-1275.286621,-388.641357,0.008350,0,255,0
-1273.412720,-387.954712,0.008360,0,255,0
-1282.553711,-385.723114,0.008370,0,255,0
-1263.914062,-384.521484,0.008380,0,255,0
-4501.547852,-277.233124,0.008390,0,255,0
-4727.926270,90.236664,0.008400,0,255,0
-4628.548828,207.080841,0.008410,0,255,0
-4655.356445,-374.450684,0.008420,0,255,0
-4569.926270,-482.425690,0.008430,0,255,0
-4622.554688,-385.322571,0.008440,0,255,0
-4542.574707,-231.971741,0.008450,0,255,0
-4466.328613,-165.824890,0.008460,0,255,0
-4446.473145,-137.157440,0.008470,0,255,0
-4683.565918,-158.958435,0.008480,0,255,0
-4681.091309,-158.157349,0.008490,0,255,0
-4462.208984,-72.154999,0.008500,0,255,0
-4274.210938,-62.599182,0.008510,0,255,0
-4215.001953,-33.760071,0.008520,0,255,0
-4527.625977,-173.206329,0.008530,0,255,0
-3843.655518,590.114624,0.008540,0,255,0
-3844.671143,589.084595,0.008550,0,255,0
-3839.736084,588.741333,0.008560,0,255,0
-3840.923340,590.457886,0.008570,0,255,0
-3838.892090,593.490601,0.008580,0,255,0
-3853.068359,569.801331,0.008590,0,255,0
-4409.308594,-87.089539,0.008600,0,255,0
-4402.713867,-83.885193,0.008610,0,255,0
-4407.162598,-439.796448,0.008620,0,255,0
-4403.772461,-438.480377,0.008630,0,255,0
-4613.942871,-387.668610,0.008640,0,255,0
-3812.627686,587.139160,0.008650,0,255,0
-4335.422363,-559.043884,0.008660,0,255,0
-2853.183838,-419.940948,0.008670,0,255,0
-1992.688232,-323.009491,0.008680,0,255,0
-1993.246094,-322.723389,0.008690,0,255,0
-4608.035156,72.555542,0.008700,0,255,0
-4601.898438,-115.070343,0.008710,0,255,0
-4544.620605,-280.094147,0.008720,0,255,0
-4702.978027,67.176819,0.008730,0,255,0
-4539.899902,-30.040741,0.008740,0,255,0
-4819.865234,-22.602081,0.008750,0,255,0
-2032.756836,-274.429321,0.008760,0,255,0
-4639.062988,-520.820618,0.008770,0,255,0
-4548.769043,-421.886444,0.008780,0,255,0
-4532.618652,-410.842896,0.008790,0,255,0
-4510.073730,-335.311890,0.008800,0,255,0
-4507.427246,-333.251953,0.008810,0,255,0
-4543.404785,-498.619080,0.008820,0,255,0
-4557.008789,-493.125916,0.008830,0,255,0
-4635.400879,-369.815826,0.008840,0,255,0
-4524.693359,-302.238464,0.008850,0,255,0
-4525.022461,-300.922394,0.008860,0,255,0
-4575.462402,-291.194916,0.008870,0,255,0
-4574.003418,-289.649963,0.008880,0,255,0
-4529.628906,-235.290527,0.008890,0,255,0
-4528.026367,-229.797363,0.008900,0,255,0
-4558.539551,-95.386505,0.008910,0,255,0
-4603.586426,-83.885193,0.008920,0,255,0
-4460.506348,-77.934265,0.008930,0,255,0
-4460.478027,-74.558258,0.008940,0,255,0
-4405.803711,-75.016022,0.008950,0,255,0
-4714.264648,-51.441193,0.008960,0,255,0
-4706.983398,-51.097870,0.008970,0,255,0
-4539.041504,-48.236847,0.008980,0,255,0
-4536.552246,-50.411224,0.008990,0,255,0
-4339.485352,-48.694611,0.009000,0,255,0
-4398.107422,-40.626526,0.009010,0,255,0
-4528.827637,-37.250519,0.009020,0,255,0
-4395.790039,-20.256042,0.009030,0,255,0
-4369.010742,-7.724762,0.009040,0,255,0
-4324.407715,-2.574921,0.009050,0,255,0
-4322.418945,-1.373291,0.009060,0,255,0
-4576.563965,17.681122,0.009070,0,255,0
-4583.115723,24.261475,0.009080,0,255,0
-4656.701172,33.073425,0.009090,0,255,0
-4657.859863,36.506653,0.009100,0,255,0
-4711.532715,69.637299,0.009110,0,255,0
-4592.228027,-413.017273,0.009120,0,255,0
-4519.758301,-76.560974,0.009130,0,255,0
-4775.147461,-377.426147,0.009140,0,255,0
-4468.374023,58.135986,0.009150,0,255,0
-4462.880859,63.915253,0.009160,0,255,0
-3816.432861,595.836670,0.009170,0,255,0
-3635.888184,578.842163,0.009180,0,255,0
-3982.572510,623.931885,0.009190,0,255,0
-3778.109619,565.624268,0.009200,0,255,0
-4532.833008,-235.691071,0.009210,0,255,0
-3780.627197,562.992065,0.009220,0,255,0
-3880.906006,598.583252,0.009230,0,255,0
-3943.247803,602.989197,0.009240,0,255,0
-3829.879883,595.493286,0.009250,0,255,0
-4521.289062,-125.770569,0.009260,0,255,0
-4444.785156,-134.811401,0.009270,0,255,0
-4406.504395,-85.716248,0.009280,0,255,0
-4647.889160,-574.436157,0.009290,0,255,0
-4596.719727,-573.749512,0.009300,0,255,0
-4581.842285,-572.948486,0.009310,0,255,0
-4558.782715,-98.419189,0.009320,0,255,0
-4548.396973,-84.514618,0.009330,0,255,0
-4536.022949,-74.958801,0.009340,0,255,0
-4478.602539,-67.005157,0.009350,0,255,0
-4517.254883,-63.915253,0.009360,0,255,0
-4548.296875,-185.279846,0.009370,0,255,0
-4547.066895,-182.533264,0.009380,0,255,0
-4579.052734,-153.923035,0.009390,0,255,0
-4582.600586,-149.974823,0.009400,0,255,0
-4581.026855,-149.574280,0.009410,0,255,0
-4585.776367,-149.230957,0.009420,0,255,0
-4586.191406,-148.029327,0.009430,0,255,0
-4587.135254,-146.255493,0.009440,0,255,0
-4564.962402,-131.263733,0.009450,0,255,0
-4326.553223,-89.893341,0.009460,0,255,0
-4505.725098,-219.898224,0.009470,0,255,0
-4499.473633,-268.650055,0.009480,0,255,0
-4506.668945,-256.347656,0.009490,0,255,0
-4505.410156,-254.688263,0.009500,0,255,0
-4506.740723,-253.601074,0.009510,0,255,0
-4504.837891,-264.587402,0.009520,0,255,0
-4483.780762,-92.926025,0.009530,0,255,0
-4498.085938,-92.811584,0.009540,0,255,0
-4544.691895,-144.767761,0.009550,0,255,0
-4541.931152,-144.081116,0.009560,0,255,0
-4538.941406,-170.402527,0.009570,0,255,0
-3780.884766,563.106567,0.009580,0,255,0
-3641.867676,610.713989,0.009590,0,255,0
-3693.323242,544.509888,0.009600,0,255,0
-3552.002930,641.269653,0.009610,0,255,0
-3789.925537,565.395386,0.009620,0,255,0
-4568.653320,-132.980347,0.009630,0,255,0
-4568.581543,-131.549835,0.009640,0,255,0
-4506.011230,-126.171112,0.009650,0,255,0
-4533.791504,53.901672,0.009660,0,255,0
-4528.327148,62.084198,0.009670,0,255,0
-4575.119141,20.027161,0.009680,0,255,0
-4590.697266,-4.177094,0.009690,0,255,0
-4595.088867,-3.318787,0.009700,0,255,0
-4507.670410,16.994476,0.009710,0,255,0
-4501.533691,18.253326,0.009720,0,255,0
-4505.310059,-342.464447,0.009730,0,255,0
-4719.915527,4.577637,0.009740,0,255,0
-4706.683105,17.852783,0.009750,0,255,0
-3348.398193,762.176514,0.009760,0,255,0
-4693.165039,-12.874603,0.009770,0,255,0
-4680.032715,-20.370483,0.009780,0,255,0
-4479.732422,-222.759247,0.009790,0,255,0
-4814.500977,-9.040833,0.009800,0,255,0
-4257.345215,40.855408,0.009810,0,255,0
-2060.294189,727.958679,0.009820,0,255,0
-4507.012207,-206.222534,0.009830,0,255,0
-4546.079590,-455.303192,0.009840,0,255,0
-4549.498535,-454.673767,0.009850,0,255,0
-4553.074707,-454.101562,0.009860,0,255,0
-4556.937012,-453.529358,0.009870,0,255,0
-4560.212891,-453.014374,0.009880,0,255,0
-4563.889648,-452.098846,0.009890,0,255,0
-4542.260254,-448.093414,0.009900,0,255,0
-4545.736328,-447.463989,0.009910,0,255,0
-4549.269531,-446.891785,0.009920,0,255,0
-4553.203613,-446.147919,0.009930,0,255,0
-4556.450684,-445.575714,0.009940,0,255,0
-4560.155762,-444.889069,0.009950,0,255,0
-4515.552734,-256.404877,0.009960,0,255,0
-4543.805176,-233.116150,0.009970,0,255,0
-4709.601562,-148.487091,0.009980,0,255,0
-4710.359375,-147.171021,0.009990,0,255,0
-4145.593750,154.724121,0.010000,0,255,0
-4090.819336,-47.492981,0.010010,0,255,0
-4749.512695,76.789856,0.010020,0,255,0
-3982.958740,624.046326,0.010030,0,255,0
-4550.170898,-416.393280,0.010040,0,255,0
-4452.080566,-532.150269,0.010050,0,255,0
-4624.714844,-390.014648,0.010060,0,255,0
-4542.903809,-145.626068,0.010070,0,255,0
-4540.557617,-164.508820,0.010080,0,255,0
-4518.442383,-221.328735,0.010090,0,255,0
-4521.060059,-232.200623,0.010100,0,255,0
-4511.060547,-226.821899,0.010110,0,255,0
-4497.785645,-241.127014,0.010120,0,255,0
-4752.874512,-503.768921,0.010130,0,255,0
-4708.643066,-529.518127,0.010140,0,255,0
-4432.139160,-436.820984,0.010150,0,255,0
-4513.592773,-63.915253,0.010160,0,255,0
-4230.852051,-43.430328,0.010170,0,255,0
-4559.054199,-105.743408,0.010180,0,255,0
-4375.662598,-510.520935,0.010190,0,255,0
-4355.206543,-502.052307,0.010200,0,255,0
-4341.173340,-518.360107,0.010210,0,255,0
-4339.270508,-515.441895,0.010220,0,255,0
-4574.732910,-35.648346,0.010230,0,255,0
-4129.285645,-522.651672,0.010240,0,255,0
-4233.913574,-484.142303,0.010250,0,255,0
-4598.908203,-198.497772,0.010260,0,255,0
-4381.613770,-541.534424,0.010270,0,255,0
-4378.895996,-540.561646,0.010280,0,255,0
-4347.625000,-526.313782,0.010290,0,255,0
-4932.002930,-371.189117,0.010300,0,255,0
-4313.149414,-449.638367,0.010310,0,255,0
-4008.722412,-529.575317,0.010320,0,255,0
-4435.486816,-436.763763,0.010330,0,255,0
-4545.865234,-227.565765,0.010340,0,255,0
-4419.793945,-371.303558,0.010350,0,255,0
-4469.046387,-335.826874,0.010360,0,255,0
-3588.237793,-423.259735,0.010370,0,255,0
-2848.634766,-680.007935,0.010380,0,255,0
-4416.074707,-372.219086,0.010390,0,255,0
-4409.322754,-370.559692,0.010400,0,255,0
-4625.043945,-328.559875,0.010410,0,255,0
-4566.779297,-316.257477,0.010420,0,255,0
-4547.495605,-154.666901,0.010430,0,255,0
-4557.995605,-164.051056,0.010440,0,255,0
-4303.894043,-32.730103,0.010450,0,255,0
-4303.937012,-30.326843,0.010460,0,255,0
-4615.702637,-76.618195,0.010470,0,255,0
-4427.018066,-346.183777,0.010480,0,255,0
-2540.974609,-348.129272,0.010490,0,255,0
-2304.024658,705.070496,0.010500,0,255,0
-4497.141602,-126.457214,0.010510,0,255,0
-4526.710449,-134.696960,0.010520,0,255,0
-4596.462402,-130.519867,0.010530,0,255,0
-3013.544189,862.655640,0.010540,0,255,0
-3211.155029,685.501099,0.010550,0,255,0
-3126.511475,708.560913,0.010560,0,255,0
-1956.996948,849.380493,0.010570,0,255,0
-3736.453125,550.861328,0.010580,0,255,0
-3842.983154,588.226318,0.010590,0,255,0
-4741.745117,-101.165771,0.010600,0,255,0
-4503.650879,-230.541229,0.010610,0,255,0
-4522.447754,-280.666351,0.010620,0,255,0
-4506.897949,-211.544037,0.010630,0,255,0
-2231.469238,854.415894,0.010640,0,255,0
-4723.849121,-95.329285,0.010650,0,255,0
-4459.776855,-142.707825,0.010660,0,255,0
-4476.041992,-188.083649,0.010670,0,255,0
-4473.209473,-165.367126,0.010680,0,255,0
-3817.734619,584.449768,0.010690,0,255,0
-2299.733154,705.928833,0.010700,0,255,0
-2068.877197,737.056763,0.010710,0,255,0
-2389.068604,744.094849,0.010720,0,255,0
-2386.007324,745.182007,0.010730,0,255,0
-4693.979980,-107.746124,0.010740,0,255,0
-4567.322754,-190.029144,0.010750,0,255,0
-4544.677734,-180.187225,0.010760,0,255,0
-4435.443848,-319.118500,0.010770,0,255,0
-4631.867188,-201.988220,0.010780,0,255,0
-4629.192383,-201.129913,0.010790,0,255,0
-4498.071777,-93.212128,0.010800,0,255,0
-4497.270508,-93.154907,0.010810,0,255,0
-4494.480957,-92.067719,0.010820,0,255,0
-2170.300537,746.383667,0.010830,0,255,0
-4508.328613,-208.396912,0.010840,0,255,0
-4823.227051,35.018921,0.010850,0,255,0
-4606.175293,-157.814026,0.010860,0,255,0
-4531.402344,-238.265991,0.010870,0,255,0
-4530.487305,-239.238739,0.010880,0,255,0
-4527.540039,-242.671967,0.010890,0,255,0
-4526.295898,-243.873596,0.010900,0,255,0
-4525.222656,-244.960785,0.010910,0,255,0
-3946.495117,-532.035828,0.010920,0,255,0
-3980.970459,119.762421,0.010930,0,255,0
-3983.931641,120.792389,0.010940,0,255,0
-4284.152832,11.100769,0.010950,0,255,0
-2297.272705,745.811462,0.010960,0,255,0
-4359.254883,246.391296,0.010970,0,255,0
-4266.357422,-472.068787,0.010980,0,255,0
-4902.520020,19.340515,0.010990,0,255,0
-4523.448730,266.590118,0.011000,0,255,0
-4454.698730,611.858398,0.011010,0,255,0
-4461.793945,617.008179,0.011020,0,255,0
-4210.853516,55.446625,0.011030,0,255,0
-2543.664062,660.152466,0.011040,0,255,0
-981.774353,-183.162689,0.011050,0,255,0
-4524.951172,270.538330,0.011060,0,255,0
-4525.923828,271.968842,0.011070,0,255,0
-4601.569336,-476.589203,0.011080,0,255,0
-4566.292969,-471.668243,0.011090,0,255,0
-4574.518066,-468.978882,0.011100,0,255,0
-1979.370117,740.146606,0.011110,0,255,0
-3994.131104,-585.536987,0.011120,0,255,0
-4479.417969,-146.198273,0.011130,0,255,0
-1840.667725,-612.373352,0.011140,0,255,0
-1841.096924,-611.572266,0.011150,0,255,0
-1783.075317,-597.438843,0.011160,0,255,0
-2270.135986,764.751465,0.011170,0,255,0
-4472.651367,-222.702026,0.011180,0,255,0
-4509.958984,-199.184418,0.011190,0,255,0
-4397.206543,-87.089539,0.011200,0,255,0
-4541.687988,-179.672241,0.011210,0,255,0
-4753.074707,-379.486084,0.011220,0,255,0
-4481.048828,-219.097137,0.011230,0,255,0
-5158.910645,29.296875,0.011240,0,255,0
-4579.024414,-352.592468,0.011250,0,255,0
-4534.549805,-343.379974,0.011260,0,255,0
-4513.878906,-227.680206,0.011270,0,255,0
-4511.647461,-215.435028,0.011280,0,255,0
-4456.000488,-135.612488,0.011290,0,255,0
-4088.101318,254.001617,0.011300,0,255,0
-4457.945801,-134.983063,0.011310,0,255,0
-4450.464355,-149.230957,0.011320,0,255,0
-4517.125977,-277.118683,0.011330,0,255,0
-4778.938477,-23.231506,0.011340,0,255,0
-2866.330078,-675.773621,0.011350,0,255,0
-2889.776123,-623.474121,0.011360,0,255,0
-2860.350586,-557.441711,0.011370,0,255,0
-4568.724609,-491.294861,0.011380,0,255,0
-4577.107422,-488.891602,0.011390,0,255,0
-4570.984863,-487.689972,0.011400,0,255,0
-4843.998047,21.457672,0.011410,0,255,0
-4511.918945,-303.726196,0.011420,0,255,0
-4499.788086,-313.968658,0.011430,0,255,0
-4497.041504,-308.074951,0.011440,0,255,0
-4820.351562,-16.136169,0.011450,0,255,0
-4523.534668,-110.435486,0.011460,0,255,0
-4621.625000,-159.301758,0.011470,0,255,0
-4454.770020,-138.416290,0.011480,0,255,0
-4357.938965,-412.902832,0.011490,0,255,0
-2391.242920,-337.142944,0.011500,0,255,0
-2001.915039,-305.900574,0.011510,0,255,0
-2004.461304,-224.647522,0.011520,0,255,0
-4528.141113,-173.149109,0.011530,0,255,0
-4572.515625,-124.340057,0.011540,0,255,0
-959.529907,-55.332184,0.011550,0,255,0
-4462.609375,-279.521942,0.011560,0,255,0
-4446.043945,-298.748016,0.011570,0,255,0
-4450.650391,-291.538239,0.011580,0,255,0
-4454.555664,-285.701752,0.011590,0,255,0
-4477.901367,-254.745483,0.011600,0,255,0
-4477.014648,-250.625610,0.011610,0,255,0
-4468.216797,-233.688354,0.011620,0,255,0
-4172.673340,-41.313171,0.011630,0,255,0
-4451.909180,-302.352905,0.011640,0,255,0
-4451.479980,-298.233032,0.011650,0,255,0
-4445.328613,-295.486450,0.011660,0,255,0
-4447.417480,-293.025970,0.011670,0,255,0
-4448.504395,-291.023254,0.011680,0,255,0
-4450.435547,-287.418365,0.011690,0,255,0
-4461.536621,-279.979706,0.011700,0,255,0
-4573.359375,-149.230957,0.011710,0,255,0
-4572.887207,-148.658752,0.011720,0,255,0
-4573.917480,-148.258209,0.011730,0,255,0
-4576.349121,-147.342682,0.011740,0,255,0
-4576.921387,-147.171021,0.011750,0,255,0
-4505.324219,-194.606781,0.011760,0,255,0
-4533.920410,-180.988312,0.011770,0,255,0
-4395.146484,-90.293884,0.011780,0,255,0
-4329.142578,-88.348389,0.011790,0,255,0
-4785.761719,-40.397644,0.011800,0,255,0
-4455.614258,-144.710541,0.011810,0,255,0
-993.690491,-103.569031,0.011820,0,255,0
-946.025879,-116.329193,0.011830,0,255,0
-994.577393,-103.282928,0.011840,0,255,0
-992.875122,-103.740692,0.011850,0,255,0
-946.683899,-115.928650,0.011860,0,255,0
-4504.980957,-226.650238,0.011870,0,255,0
-4497.885742,-170.345306,0.011880,0,255,0
-4482.650879,-216.007233,0.011890,0,255,0
-4443.154297,-303.153992,0.011900,0,255,0
-4471.678711,-216.636658,0.011910,0,255,0
-4438.376465,-304.698944,0.011920,0,255,0
-4440.708008,-301.952362,0.011930,0,255,0
-4408.307129,-508.460999,0.011940,0,255,0
-4575.834473,-492.324829,0.011950,0,255,0
-4606.919434,-481.853485,0.011960,0,255,0
-4607.147949,-478.363037,0.011970,0,255,0
-4668.731445,-559.787720,0.011980,0,255,0
-4659.905273,-559.730530,0.011990,0,255,0
-4661.221680,-554.237366,0.012000,0,255,0
-4634.971680,-512.409180,0.012010,0,255,0
-4623.513184,-494.956970,0.012020,0,255,0
-4575.104492,-453.014374,0.012030,0,255,0
-4570.055176,-451.354980,0.012040,0,255,0
-4576.320801,-449.810028,0.012050,0,255,0
-4571.113770,-449.237823,0.012060,0,255,0
-4540.929688,-417.079926,0.012070,0,255,0
-4535.222168,-415.821075,0.012080,0,255,0
-4542.503418,-414.962769,0.012090,0,255,0
-4537.139160,-413.017273,0.012100,0,255,0
-4496.340820,-360.088348,0.012110,0,255,0
-4499.745605,-341.320038,0.012120,0,255,0
-4504.737793,-340.061188,0.012130,0,255,0
-4508.500000,-300.807953,0.012140,0,255,0
-4503.521973,-254.802704,0.012150,0,255,0
-4531.445312,-214.405060,0.012160,0,255,0
-4534.206543,-117.015839,0.012170,0,255,0
-4476.928711,-301.952362,0.012180,0,255,0
-4582.214355,-137.100220,0.012190,0,255,0
-4465.298828,-313.796997,0.012200,0,255,0
-4468.688965,-309.448242,0.012210,0,255,0
-4473.695801,-304.756165,0.012220,0,255,0
-4569.740234,-129.261017,0.012230,0,255,0
-4572.958984,-128.860474,0.012240,0,255,0
-4573.001953,-126.857758,0.012250,0,255,0
-4570.956055,-125.598907,0.012260,0,255,0
-4563.288574,-97.675323,0.012270,0,255,0
-4535.479492,-35.076141,0.012280,0,255,0
-4536.395020,-32.100677,0.012290,0,255,0
-4405.889648,-86.059570,0.012300,0,255,0
-4297.885742,-33.016205,0.012310,0,255,0
-4298.830078,-32.787323,0.012320,0,255,0
-4292.221191,-456.962585,0.012330,0,255,0
-4296.283691,-456.905365,0.012340,0,255,0
-4303.035645,-454.616547,0.012350,0,255,0
-4298.200684,-455.245972,0.012360,0,255,0
-4295.683105,-454.273224,0.012370,0,255,0
-4394.445312,-440.483093,0.012380,0,255,0
-4396.991699,-439.682007,0.012390,0,255,0
-4390.783203,-439.281464,0.012400,0,255,0
-4393.644531,-438.594818,0.012410,0,255,0
-4646.258301,-368.900299,0.012420,0,255,0
-4662.766602,-351.333618,0.012430,0,255,0
-4664.840820,-340.404510,0.012440,0,255,0
-4666.042480,-339.946747,0.012450,0,255,0
-4667.029297,-339.603424,0.012460,0,255,0
-4660.634766,-337.257385,0.012470,0,255,0
-4749.197754,-390.758514,0.012480,0,255,0
-4533.391113,-187.969208,0.012490,0,255,0
-4552.660156,-183.906555,0.012500,0,255,0
-4623.556152,-205.650330,0.012510,0,255,0
-4623.613281,-203.647614,0.012520,0,255,0
-4575.705566,-13.790131,0.012530,0,255,0
-4747.810547,79.994202,0.012540,0,255,0
-4741.788086,80.509186,0.012550,0,255,0
-4406.762207,-508.632660,0.012560,0,255,0
-4654.412109,-159.072876,0.012570,0,255,0
-4652.924316,-158.901215,0.012580,0,255,0
-4514.279297,-418.395996,0.012590,0,255,0
-4982.714844,59.108734,0.012600,0,255,0
-4259.905762,-485.744476,0.012610,0,255,0
-4305.524902,-37.765503,0.012620,0,255,0
-4587.707520,-144.824982,0.012630,0,255,0
-4529.929199,-236.835480,0.012640,0,255,0
-4534.936035,-44.517517,0.012650,0,255,0
-4636.287598,-512.237549,0.012660,0,255,0
-4443.998535,-90.923309,0.012670,0,255,0
-4403.414551,-85.430145,0.012680,0,255,0
-4541.373047,23.059845,0.012690,0,255,0
-4505.195801,-224.761963,0.012700,0,255,0
-4496.354980,-415.992737,0.012710,0,255,0
-4432.325195,-436.363220,0.012720,0,255,0
-4749.412598,-387.783051,0.012730,0,255,0
-4744.520020,-330.047607,0.012740,0,255,0
-4737.753906,-327.186584,0.012750,0,255,0
-4636.187500,19.226074,0.012760,0,255,0
-4528.956543,-125.942230,0.012770,0,255,0
-4501.447754,-125.885010,0.012780,0,255,0
-4500.832520,-123.710632,0.012790,0,255,0
-4453.139160,-77.362061,0.012800,0,255,0
-4618.291992,7.781982,0.012810,0,255,0
-4658.332031,36.849976,0.012820,0,255,0
-4407.562988,-76.904297,0.012830,0,255,0
-4124.150391,-194.263458,0.012840,0,255,0
-4821.639160,3.604889,0.012850,0,255,0
-4798.879395,-7.495880,0.012860,0,255,0
-4834.713867,2.803802,0.012870,0,255,0
-3899.374023,-609.455078,0.012880,0,255,0
-4837.274414,12.245178,0.012890,0,255,0
-4832.267578,10.070801,0.012900,0,255,0
-4823.270020,5.493164,0.012910,0,255,0
-4827.432617,-0.972748,0.012920,0,255,0
-1313.610107,-227.336884,0.012930,0,255,0
-4831.080566,2.689362,0.012940,0,255,0
-4554.147949,-156.383514,0.012950,0,255,0
-4865.698730,18.882751,0.012960,0,255,0
-3613.128662,765.895874,0.012970,0,255,0
-4541.659180,-183.963776,0.012980,0,255,0
-4433.812988,-326.385498,0.012990,0,255,0
-4486.055176,-245.075226,0.013000,0,255,0
-4519.543457,-154.380798,0.013010,0,255,0
-4514.322266,-214.061737,0.013020,0,255,0
-4662.108398,-507.488251,0.013030,0,255,0
-2157.540283,-421.142578,0.013040,0,255,0
-2175.135498,-424.232483,0.013050,0,255,0
-601.172424,89.664459,0.013060,0,255,0
-1991.429321,-215.606689,0.013070,0,255,0
-2657.089355,654.487610,0.013080,0,255,0
-3763.003418,237.464905,0.013090,0,255,0
-3938.226807,585.708618,0.013100,0,255,0
-4530.401367,-118.618011,0.013110,0,255,0
-4453.697266,-330.162048,0.013120,0,255,0
-4453.153809,-327.873230,0.013130,0,255,0
-4546.050781,-447.349548,0.013140,0,255,0
-4549.627441,-446.720123,0.013150,0,255,0
-4542.560547,-447.978973,0.013160,0,255,0
-4537.239258,-457.077026,0.013170,0,255,0
-3903.079102,-89.378357,0.013180,0,255,0
-4474.039062,-129.146576,0.013190,0,255,0
-4300.475098,-457.649231,0.013200,0,255,0
-3476.629150,-588.169067,0.013210,0,255,0
-3475.942627,-588.283569,0.013220,0,255,0
-4581.599121,-134.353638,0.013230,0,255,0
-4927.826172,23.574829,0.013240,0,255,0
-4241.953125,-89.778900,0.013250,0,255,0
-4570.641602,-18.253326,0.013260,0,255,0
-4618.792480,13.904572,0.013270,0,255,0
-4480.748047,-148.715973,0.013280,0,255,0
-4565.691895,-413.932800,0.013290,0,255,0
-4500.074219,-416.221619,0.013300,0,255,0
-4450.035156,-428.123474,0.013310,0,255,0
-4321.604004,-449.123383,0.013320,0,255,0
-4557.409180,6.179810,0.013330,0,255,0
-4348.869141,-51.097870,0.013340,0,255,0
-4296.112305,-8.869171,0.013350,0,255,0
-4296.369629,-29.354095,0.013360,0,255,0
-4443.197266,58.364868,0.013370,0,255,0
-4540.486328,-54.531097,0.013380,0,255,0
-4566.350098,-98.476410,0.013390,0,255,0
-4499.759766,-348.758698,0.013400,0,255,0
-4529.829102,-406.723022,0.013410,0,255,0
-4547.495605,-419.998169,0.013420,0,255,0
-4578.051758,-451.068878,0.013430,0,255,0
-4434.828613,-503.540039,0.013440,0,255,0
-4540.586426,-161.247253,0.013450,0,255,0
-4546.265625,-457.134247,0.013460,0,255,0
-4552.631348,-455.760956,0.013470,0,255,0
-4541.745117,275.344849,0.013480,0,255,0
-4506.525879,265.445709,0.013490,0,255,0
-4517.469238,-255.947113,0.013500,0,255,0
-4532.632812,-254.459381,0.013510,0,255,0
-3939.056396,-543.193848,0.013520,0,255,0
-4702.134277,-53.558350,0.013530,0,255,0
-4732.317871,66.661835,0.013540,0,255,0
-4552.374023,-139.446259,0.013550,0,255,0
-4550.399902,-138.187408,0.013560,0,255,0
-4550.900391,-138.473511,0.013570,0,255,0
-4554.834473,-140.933990,0.013580,0,255,0
-4548.826172,-140.190125,0.013590,0,255,0
-4548.897949,-145.053864,0.013600,0,255,0
-4551.672852,-141.963959,0.013610,0,255,0
-4552.474121,-142.478943,0.013620,0,255,0
-4554.019043,-143.508911,0.013630,0,255,0
-4553.232422,-142.993927,0.013640,0,255,0
-4567.179688,-152.149200,0.013650,0,255,0
-4490.990723,-341.491699,0.013660,0,255,0
-4545.836426,-138.931274,0.013670,0,255,0
-4711.575684,70.323944,0.013680,0,255,0
-4549.498535,-144.138336,0.013690,0,255,0
-4553.346680,-143.108368,0.013700,0,255,0
-4566.607422,-434.360504,0.013710,0,255,0
-4521.203125,-163.135529,0.013720,0,255,0
-4444.799316,-135.784149,0.013730,0,255,0
-4486.684570,-123.310089,0.013740,0,255,0
-4571.757324,-158.672333,0.013750,0,255,0
-4524.207031,-190.944672,0.013760,0,255,0
-4550.428223,-145.969391,0.013770,0,255,0
-4557.423828,-145.225525,0.013780,0,255,0
-4553.332520,-144.023895,0.013790,0,255,0
-4569.024902,-124.912262,0.013800,0,255,0
-4558.825684,-148.944855,0.013810,0,255,0
-4560.599121,-144.710541,0.013820,0,255,0
-4562.659180,-146.427155,0.013830,0,255,0
-4558.324707,-146.713257,0.013840,0,255,0
-4557.065918,-142.364502,0.013850,0,255,0
-4556.021484,-141.735077,0.013860,0,255,0
-4549.141113,-151.977539,0.013870,0,255,0
-4555.621094,-146.026611,0.013880,0,255,0
-3734.679199,549.430847,0.013890,0,255,0
-3840.165039,592.575073,0.013900,0,255,0
-3620.381348,571.746826,0.013910,0,255,0
-3748.512207,618.724854,0.013920,0,255,0
-3788.523682,564.479858,0.013930,0,255,0
-3656.344482,554.466248,0.013940,0,255,0
-4134.650391,376.625061,0.013950,0,255,0
-3768.310547,-504.455566,0.013960,0,255,0
-3919.143555,-526.485474,0.013970,0,255,0
-3854.384521,-522.422791,0.013980,0,255,0
-3853.239990,-521.450073,0.013990,0,255,0
-3865.942871,-528.430908,0.014000,0,255,0
-3901.863037,-536.327393,0.014010,0,255,0
-3930.029785,-528.888672,0.014020,0,255,0
-3899.989014,-516.872437,0.014030,0,255,0
-3816.847900,578.098267,0.014040,0,255,0
-3836.717529,586.166382,0.014050,0,255,0
-4593.186523,-480.880737,0.014060,0,255,0
-4571.700195,-478.363037,0.014070,0,255,0
-4600.381836,-144.996643,0.014080,0,255,0
-4504.823730,-351.219177,0.014090,0,255,0
-4508.242676,-182.418823,0.014100,0,255,0
-4551.758789,-148.773193,0.014110,0,255,0
-4563.245605,-146.827698,0.014120,0,255,0
-4545.707520,-142.822266,0.014130,0,255,0
-4828.119141,-8.182526,0.014140,0,255,0
-4569.268066,-126.171112,0.014150,0,255,0
-4547.281250,-145.225525,0.014160,0,255,0
-4505.753418,-203.189850,0.014170,0,255,0
-4558.667969,-148.887634,0.014180,0,255,0
-4554.719727,-145.626068,0.014190,0,255,0
-4561.057129,-151.119232,0.014200,0,255,0
-4570.584473,-127.716064,0.014210,0,255,0
-4570.956055,-148.487091,0.014220,0,255,0
-4502.520508,-126.228333,0.014230,0,255,0
-2853.584229,-291.824341,0.014240,0,255,0
-2853.698730,-291.481018,0.014250,0,255,0
-2863.726562,-291.309357,0.014260,0,255,0
-2853.427002,-292.110443,0.014270,0,255,0
-2856.802979,-297.203064,0.014280,0,255,0
-4459.762695,-206.909180,0.014290,0,255,0
-2858.290771,-292.339325,0.014300,0,255,0
-2860.722656,-292.110443,0.014310,0,255,0
-2963.604980,-302.581787,0.014320,0,255,0
-3059.091553,-314.197540,0.014330,0,255,0
-4638.948242,-115.699768,0.014340,0,255,0
-4640.393066,-118.904114,0.014350,0,255,0
-4636.216309,-119.590759,0.014360,0,255,0
-4636.816895,-113.468170,0.014370,0,255,0
-4637.432129,-112.552643,0.014380,0,255,0
-3461.051025,250.797272,0.014390,0,255,0
-3433.642334,263.671875,0.014400,0,255,0
-4536.552246,-115.184784,0.014410,0,255,0
-4566.135254,-132.122040,0.014420,0,255,0
-4503.078613,-120.277405,0.014430,0,255,0
-4480.991211,-122.222900,0.014440,0,255,0
-4465.126953,-131.835938,0.014450,0,255,0
-4466.042480,-134.124756,0.014460,0,255,0
-4464.125488,-134.639740,0.014470,0,255,0
-4466.185547,-132.865906,0.014480,0,255,0
-4505.353027,-214.347839,0.014490,0,255,0
-4577.522461,-141.906738,0.014500,0,255,0
-4435.357910,284.729004,0.014510,0,255,0
-4491.477051,-211.429596,0.014520,0,255,0
-4494.881836,-181.846619,0.014530,0,255,0
-4507.427246,-31.471252,0.014540,0,255,0
-4307.484863,-53.958893,0.014550,0,255,0
-4573.402344,-39.424896,0.014560,0,255,0
-4573.359375,-39.367676,0.014570,0,255,0
-4503.736328,-251.369476,0.014580,0,255,0
-4599.395020,-120.677948,0.014590,0,255,0
-4614.128906,-117.530823,0.014600,0,255,0
-1638.894043,-121.650696,0.014610,0,255,0
-4575.062012,-125.083923,0.014620,0,255,0
-4582.529297,-123.767853,0.014630,0,255,0
-3013.515381,190.086365,0.014640,0,255,0
-4563.045410,-150.032043,0.014650,0,255,0
-4562.043945,-144.996643,0.014660,0,255,0
-4568.467285,-145.797729,0.014670,0,255,0
-4569.182617,-133.266449,0.014680,0,255,0
-4590.382812,-122.509003,0.014690,0,255,0
-4579.968262,-143.909454,0.014700,0,255,0
-4568.910645,-134.525299,0.014710,0,255,0
-4597.807129,-121.250153,0.014720,0,255,0
-4610.824707,-118.732452,0.014730,0,255,0
-4465.871094,-81.367493,0.014740,0,255,0
-933.780640,-56.247711,0.014750,0,255,0
-961.647034,-65.231323,0.014760,0,255,0
-924.425110,-51.956177,0.014770,0,255,0
-2264.914551,493.583679,0.014780,0,255,0
-2066.187744,627.708435,0.014790,0,255,0
-4483.823730,-167.198181,0.014800,0,255,0
-4539.427734,-209.026337,0.014810,0,255,0
-4469.861816,-130.977631,0.014820,0,255,0
-2051.439209,-250.167847,0.014830,0,255,0
-4587.121094,-124.969482,0.014840,0,255,0
-3622.484131,724.525452,0.014850,0,255,0
-4587.006348,-142.936707,0.014860,0,255,0
-4477.343750,-123.710632,0.014870,0,255,0
-4544.448730,-235.004425,0.014880,0,255,0
-4575.576660,-140.361786,0.014890,0,255,0
-4578.094727,-146.083832,0.014900,0,255,0
-4574.375000,-147.285461,0.014910,0,255,0
-4571.256836,-136.413574,0.014920,0,255,0
-4564.218750,-147.113800,0.014930,0,255,0
-4577.193359,-141.792297,0.014940,0,255,0
-4566.450195,-132.408142,0.014950,0,255,0
-4573.574219,-138.359070,0.014960,0,255,0
-4571.757324,-148.429871,0.014970,0,255,0
-4613.342285,-119.934082,0.014980,0,255,0
-4577.536621,-147.514343,0.014990,0,255,0
-4565.234375,-121.936798,0.015000,0,255,0
-5179.381348,36.220551,0.015010,0,255,0
-5151.372070,26.035309,0.015020,0,255,0
-5080.003906,11.329651,0.015030,0,255,0
-4920.959473,-15.621185,0.015040,0,255,0
-4861.135254,-28.266907,0.015050,0,255,0
-4805.774902,-62.255859,0.015060,0,255,0
-4722.519043,-126.914978,0.015070,0,255,0
-4714.264648,-141.849518,0.015080,0,255,0
-4711.346680,-147.228241,0.015090,0,255,0
-4712.176270,-145.797729,0.015100,0,255,0
-4859.662109,-28.896332,0.015110,0,255,0
-5215.072754,39.825439,0.015120,0,255,0
-5242.681641,38.681030,0.015130,0,255,0
-5242.581543,38.509369,0.015140,0,255,0
-5225.486816,-112.781525,0.015150,0,255,0
-5020.766113,-282.154083,0.015160,0,255,0
-4903.464355,-291.252136,0.015170,0,255,0
-4578.380371,-138.816833,0.015180,0,255,0
-4574.747070,-134.124756,0.015190,0,255,0
-4621.553223,-116.100311,0.015200,0,255,0
-4631.666992,-115.356445,0.015210,0,255,0
-4631.996094,-115.299225,0.015220,0,255,0
-2125.225098,-219.039917,0.015230,0,255,0
-2125.225098,-219.039917,0.015240,0,255,0
-2338.786133,-228.710175,0.015250,0,255,0
-4541.301758,-132.179260,0.015260,0,255,0
-4541.387695,-132.179260,0.015270,0,255,0
-4545.350098,-134.868622,0.015280,0,255,0
-4527.754883,-139.732361,0.015290,0,255,0
-4576.935547,-125.141144,0.015300,0,255,0
-4573.731445,-138.301849,0.015310,0,255,0
-4324.078613,-431.156158,0.015320,0,255,0
-4441.823730,-342.807770,0.015330,0,255,0
-4620.595215,-118.560791,0.015340,0,255,0
-4537.139160,-455.760956,0.015350,0,255,0
-4539.427734,-420.227051,0.015360,0,255,0
-2910.289795,304.698944,0.015370,0,255,0
-2941.760986,281.066895,0.015380,0,255,0
-4525.980957,-230.369568,0.015390,0,255,0
-4557.480957,-411.701202,0.015400,0,255,0
-4734.034668,65.231323,0.015410,0,255,0
-4529.084961,-246.849060,0.015420,0,255,0
-4547.195312,-226.764679,0.015430,0,255,0
-4546.379883,-226.535797,0.015440,0,255,0
-4576.249023,-194.549561,0.015450,0,255,0
-4575.433594,-194.320679,0.015460,0,255,0
-4477.214844,-263.328552,0.015470,0,255,0
-4817.562012,66.318512,0.015480,0,255,0
-4475.999023,-267.562866,0.015490,0,255,0
-4476.227539,-267.105103,0.015500,0,255,0
-4476.428223,-266.590118,0.015510,0,255,0
-4478.816895,-265.502930,0.015520,0,255,0
-4462.880859,-257.720947,0.015530,0,255,0
-4479.188965,-259.838104,0.015540,0,255,0
-4479.489258,-259.838104,0.015550,0,255,0
-1251.654663,-78.964233,0.015560,0,255,0
-4628.749023,249.595642,0.015570,0,255,0
-4629.478516,249.423981,0.015580,0,255,0
-4565.291504,-148.487091,0.015590,0,255,0
-4564.876465,-148.143768,0.015600,0,255,0
-4564.547363,-147.914886,0.015610,0,255,0
-4557.738281,-280.780792,0.015620,0,255,0
-3822.641357,-526.256592,0.015630,0,255,0
-3836.374268,-527.401001,0.015640,0,255,0
-3854.741943,-521.278381,0.015650,0,255,0
-1180.572510,-213.317871,0.015660,0,255,0
-726.685547,-144.309998,0.015670,0,255,0
-4630.894531,-116.157532,0.015680,0,255,0
-2340.717285,748.615234,0.015690,0,255,0
-1992.359131,-321.979523,0.015700,0,255,0
-4610.023438,-142.192841,0.015710,0,255,0
-4092.407227,-537.014038,0.015720,0,255,0
-4603.071289,384.006500,0.015730,0,255,0
-4256.701660,-413.017273,0.015740,0,255,0
-4286.041016,-463.829041,0.015750,0,255,0
-4606.533203,-143.737793,0.015760,0,255,0
-1995.649292,708.675415,0.015770,0,255,0
-4548.296875,-420.398712,0.015780,0,255,0
-4540.000000,-152.435303,0.015790,0,255,0
-4462.409180,-258.693695,0.015800,0,255,0
-4547.767578,-153.980255,0.015810,0,255,0
-4579.796875,-142.650604,0.015820,0,255,0
-4941.601562,106.658936,0.015830,0,255,0
-4528.370117,-266.933441,0.015840,0,255,0
-2697.772949,302.295685,0.015850,0,255,0
-2509.317383,-589.656860,0.015860,0,255,0
-4616.589355,-332.393646,0.015870,0,255,0
-4611.683105,-329.933167,0.015880,0,255,0
-4441.509277,-305.442810,0.015890,0,255,0
-4457.488281,-132.694244,0.015900,0,255,0
-4533.004883,-520.305664,0.015910,0,255,0
-4500.689453,-123.310089,0.015920,0,255,0
-4682.965332,-312.881470,0.015930,0,255,0
-953.049683,-198.040009,0.015940,0,255,0
-956.425659,-196.437836,0.015950,0,255,0
-4373.087891,-386.924744,0.015960,0,255,0
-1780.414551,-596.580505,0.015970,0,255,0
-1890.492432,-620.098145,0.015980,0,255,0
-1897.587769,-619.525879,0.015990,0,255,0
-2029.366455,-649.395020,0.016000,0,255,0
-2583.904297,-414.390564,0.016010,0,255,0
-2584.705322,-414.218903,0.016020,0,255,0
-2553.920654,-394.935608,0.016030,0,255,0
-2375.450195,-364.952087,0.016040,0,255,0
-2418.379883,-358.200073,0.016050,0,255,0
-2153.005615,-342.750549,0.016060,0,255,0
-2186.450928,-348.072052,0.016070,0,255,0
-1984.934814,-331.192017,0.016080,0,255,0
-1983.504272,-323.925018,0.016090,0,255,0
-1531.062134,-242.042542,0.016100,0,255,0
-1533.551270,-240.325928,0.016110,0,255,0
-5033.326172,183.448792,0.016120,0,255,0
-1520.204590,-663.928955,0.016130,0,255,0
-1520.104370,-663.928955,0.016140,0,255,0
-1525.297119,-661.926270,0.016150,0,255,0
-1525.754883,-662.727356,0.016160,0,255,0
-3119.959717,-481.224060,0.016170,0,255,0
-2847.790771,-422.401428,0.016180,0,255,0
-2847.390137,-420.627594,0.016190,0,255,0
-2685.556396,-410.041809,0.016200,0,255,0
-2712.979248,-409.812927,0.016210,0,255,0
-2022.843384,-459.194183,0.016220,0,255,0
-2044.014893,-471.553802,0.016230,0,255,0
-4229.321289,-501.651764,0.016240,0,255,0
-4621.610840,-387.897491,0.016250,0,255,0
-4625.559082,-386.695862,0.016260,0,255,0
-4626.130859,-386.695862,0.016270,0,255,0
-4432.182129,-508.804321,0.016280,0,255,0
-4438.390625,-515.670776,0.016290,0,255,0
-4432.668457,-510.063171,0.016300,0,255,0
-4463.081543,-623.703003,0.016310,0,255,0
-4461.536621,-625.476807,0.016320,0,255,0
-2297.000977,747.070312,0.016330,0,255,0
-4435.601074,-151.405334,0.016340,0,255,0
-4462.952637,-253.429413,0.016350,0,255,0
-4462.423340,-252.170563,0.016360,0,255,0
-4462.022949,-250.568390,0.016370,0,255,0
-2273.096924,492.439270,0.016380,0,255,0
-2348.971436,493.640900,0.016390,0,255,0
-3022.155762,199.642181,0.016400,0,255,0
-3109.831787,266.761780,0.016410,0,255,0
-1894.841187,877.704590,0.016420,0,255,0
-2227.520996,902.423828,0.016430,0,255,0
-4459.934082,-96.588135,0.016440,0,255,0
-4216.804688,-498.447418,0.016450,0,255,0
-4256.343750,-471.382141,0.016460,0,255,0
-2585.506348,497.417450,0.016470,0,255,0
-2577.938965,766.468018,0.016480,0,255,0
-3751.859619,246.562958,0.016490,0,255,0
-3810.825439,225.620270,0.016500,0,255,0
-3808.650879,226.249695,0.016510,0,255,0
-3805.646973,220.012665,0.016520,0,255,0
-3934.907959,175.895691,0.016530,0,255,0
-4094.467285,77.705383,0.016540,0,255,0
-4024.171875,48.809052,0.016550,0,255,0
-4072.895020,140.419006,0.016560,0,255,0
-2313.122803,-333.480835,0.016570,0,255,0
-803.647034,-392.246246,0.016580,0,255,0
-849.766724,-523.967773,0.016590,0,255,0
-975.823425,-393.676758,0.016600,0,255,0
-957.527161,-401.172638,0.016610,0,255,0
-966.253296,-392.761230,0.016620,0,255,0
-938.644409,-655.288696,0.016630,0,255,0
-1031.413086,-594.348877,0.016640,0,255,0
-1023.931519,-594.348877,0.016650,0,255,0
-2824.888184,818.710327,0.016660,0,255,0
-4565.577637,-410.671234,0.016670,0,255,0
-1999.239868,-220.642090,0.016680,0,255,0
-4518.384766,-157.928467,0.016690,0,255,0
-4524.793457,-156.784058,0.016700,0,255,0
-1630.897461,-241.985321,0.016710,0,255,0
-2118.930908,-234.718323,0.016720,0,255,0
-4362.759766,-88.405609,0.016730,0,255,0
-2327.055908,439.682007,0.016740,0,255,0
-2327.413574,441.112518,0.016750,0,255,0
-2325.997314,436.363220,0.016760,0,255,0
-2353.463135,442.028046,0.016770,0,255,0
-2342.448242,442.085266,0.016780,0,255,0
-2349.987061,440.883636,0.016790,0,255,0
-2324.695557,439.910889,0.016800,0,255,0
-2329.401855,439.281464,0.016810,0,255,0
-2324.352295,435.905457,0.016820,0,255,0
-2318.515869,440.826416,0.016830,0,255,0
-2316.069580,441.055298,0.016840,0,255,0
-2347.569580,444.431305,0.016850,0,255,0
-2375.779053,428.981781,0.016860,0,255,0
-2320.961914,440.540314,0.016870,0,255,0
-2322.792969,440.483093,0.016880,0,255,0
-2320.918945,445.175171,0.016890,0,255,0
-2318.959229,445.461273,0.016900,0,255,0
-2319.130859,445.919037,0.016910,0,255,0
-2320.375488,445.976257,0.016920,0,255,0
-2320.389648,445.461273,0.016930,0,255,0
-2319.946289,444.660187,0.016940,0,255,0
-5010.080566,61.626434,0.016950,0,255,0
-4989.008789,60.195923,0.016960,0,255,0
-4651.594238,-63.228607,0.016970,0,255,0
-4647.316895,-66.261292,0.016980,0,255,0
-4583.158691,-139.560699,0.016990,0,255,0
-4583.487305,-140.132904,0.017000,0,255,0
-4581.341797,-153.865814,0.017010,0,255,0
-4677.472168,-314.025879,0.017020,0,255,0
-4680.934082,-307.788849,0.017030,0,255,0
-4686.827637,-312.480927,0.017040,0,255,0
-4361.929688,-497.760773,0.017050,0,255,0
-4564.547363,-99.849701,0.017060,0,255,0
-4691.734375,-13.675690,0.017070,0,255,0
-4719.057129,5.035400,0.017080,0,255,0
-4462.766602,64.487457,0.017090,0,255,0
-4306.969727,-38.223267,0.017100,0,255,0
-4397.807129,-71.754456,0.017110,0,255,0
-4536.810059,-235.404968,0.017120,0,255,0
-991.587646,-81.939697,0.017130,0,255,0
-4535.636719,-220.870972,0.017140,0,255,0
-4441.123047,-507.030487,0.017150,0,255,0
-4498.372070,-344.181061,0.017160,0,255,0
-4471.678711,-222.358704,0.017170,0,255,0
-2319.631592,537.471802,0.017180,0,255,0
-2361.817383,497.303009,0.017190,0,255,0
-2338.299805,520.248413,0.017200,0,255,0
-2332.005615,558.071167,0.017210,0,255,0
-2330.975586,556.411743,0.017220,0,255,0
-2102.007812,682.411194,0.017230,0,255,0
-2102.451416,681.438477,0.017240,0,255,0
-2101.650146,683.097839,0.017250,0,255,0
-2274.642090,479.507446,0.017260,0,255,0
-4178.266602,-517.387390,0.017270,0,255,0
-4127.497559,-529.918701,0.017280,0,255,0
-3864.941650,-615.749390,0.017290,0,255,0
-3864.698486,-615.806580,0.017300,0,255,0
-3711.104492,-644.245117,0.017310,0,255,0
-4510.202637,-260.581970,0.017320,0,255,0
-4483.323242,-281.982422,0.017330,0,255,0
-4379.396484,-387.840271,0.017340,0,255,0
-4394.173828,-374.050140,0.017350,0,255,0
-4353.632812,-409.126282,0.017360,0,255,0
-4353.532715,-409.183502,0.017370,0,255,0
-4265.255859,-491.008759,0.017380,0,255,0
-4276.142090,-484.085083,0.017390,0,255,0
-4845.528809,567.855835,0.017400,0,255,0
-4851.779785,426.006317,0.017410,0,255,0
-4852.724121,404.262543,0.017420,0,255,0
-4835.085938,216.751099,0.017430,0,255,0
-4827.432617,193.920135,0.017440,0,255,0
-4658.889648,-109.348297,0.017450,0,255,0
-4639.863770,-122.108459,0.017460,0,255,0
-4609.437012,-153.808594,0.017470,0,255,0
-2387.123047,745.296509,0.017480,0,255,0
-2465.157471,777.912109,0.017490,0,255,0
-4667.973633,9.784698,0.017500,0,255,0
-1972.689575,-492.782593,0.017510,0,255,0
-4086.699463,-544.567139,0.017520,0,255,0
-4853.196289,312.652588,0.017530,0,255,0
-4567.937988,-303.897858,0.017540,0,255,0
-4558.939941,-159.244537,0.017550,0,255,0
-4535.408203,-187.282562,0.017560,0,255,0
-4748.139160,-506.286621,0.017570,0,255,0