X,Y,Z,R,G,B
147609.421875,816925.062500,0.000000,0,255,0
147568.000000,816901.375000,0.000001,0,255,0
147857.765625,816740.312500,0.000002,0,255,0
149487.453125,817365.000000,0.000003,0,255,0
151372.500000,817731.000000,0.000004,0,255,0
147602.234375,817082.125000,0.000005,0,255,0
147388.421875,817083.687500,0.000006,0,255,0
147330.843750,817144.375000,0.000007,0,255,0
147281.953125,816932.937500,0.000008,0,255,0
147431.843750,816959.062500,0.000009,0,255,0
147538.828125,816974.062500,0.000010,0,255,0
147579.031250,816996.812500,0.000011,0,255,0
146850.250000,817287.125000,0.000012,0,255,0
147177.875000,817225.312500,0.000013,0,255,0
147603.421875,816997.375000,0.000014,0,255,0
147049.234375,816962.687500,0.000015,0,255,0
147163.656250,816949.437500,0.000016,0,255,0
151074.125000,817016.625000,0.000017,0,255,0
151507.109375,816779.250000,0.000018,0,255,0
151510.500000,816795.125000,0.000019,0,255,0
151503.406250,816801.062500,0.000020,0,255,0
147520.281250,817061.875000,0.000021,0,255,0
147507.703125,817081.062500,0.000022,0,255,0
147665.312500,817166.437500,0.000023,0,255,0
147534.140625,817521.062500,0.000024,0,255,0
147533.156250,817207.750000,0.000025,0,255,0
147608.218750,816747.625000,0.000026,0,255,0
147623.718750,816779.875000,0.000027,0,255,0
147617.812500,816767.875000,0.000028,0,255,0
147639.375000,816762.000000,0.000029,0,255,0
147643.328125,816793.812500,0.000030,0,255,0
147659.984375,816754.937500,0.000031,0,255,0
147673.093750,816683.250000,0.000032,0,255,0
147725.984375,816668.437500,0.000033,0,255,0
147742.984375,816674.437500,0.000034,0,255,0
147747.734375,816684.250000,0.000035,0,255,0
147789.890625,817265.312500,0.000036,0,255,0
149046.031250,817729.812500,0.000037,0,255,0
147532.390625,816657.500000,0.000038,0,255,0
147540.843750,816718.437500,0.000039,0,255,0
147487.843750,816666.562500,0.000040,0,255,0
147559.281250,816811.375000,0.000041,0,255,0
147560.156250,816770.125000,0.000042,0,255,0
147663.859375,816771.625000,0.000043,0,255,0
147429.156250,816711.875000,0.000044,0,255,0
147616.000000,816841.875000,0.000045,0,255,0
147400.796875,816690.187500,0.000046,0,255,0
147663.593750,816888.687500,0.000047,0,255,0
147533.125000,817130.750000,0.000048,0,255,0
147533.046875,817258.187500,0.000049,0,255,0
147588.671875,817081.625000,0.000050,0,255,0
147530.796875,817063.750000,0.000051,0,255,0
147629.515625,817304.687500,0.000052,0,255,0
147627.156250,817318.937500,0.000053,0,255,0
147618.015625,817286.000000,0.000054,0,255,0
147735.578125,817272.062500,0.000055,0,255,0
147759.296875,817206.687500,0.000056,0,255,0
147748.062500,817262.875000,0.000057,0,255,0
147828.968750,817197.000000,0.000058,0,255,0
147696.453125,817165.875000,0.000059,0,255,0
147692.390625,817173.187500,0.000060,0,255,0
147530.531250,817088.500000,0.000061,0,255,0
147788.656250,817257.062500,0.000062,0,255,0
147792.750000,817234.625000,0.000063,0,255,0
147833.281250,817232.250000,0.000064,0,255,0
147554.562500,817001.562500,0.000065,0,255,0
147538.468750,817019.000000,0.000066,0,255,0
147611.406250,817094.750000,0.000067,0,255,0
147434.359375,817063.437500,0.000068,0,255,0
147425.968750,817151.875000,0.000069,0,255,0
147687.093750,816719.187500,0.000070,0,255,0
147682.625000,816736.125000,0.000071,0,255,0
147697.796875,816826.437500,0.000072,0,255,0
147708.078125,816823.125000,0.000073,0,255,0
147689.531250,816818.250000,0.000074,0,255,0
147603.625000,816911.187500,0.000075,0,255,0
147584.765625,816917.437500,0.000076,0,255,0
147611.812500,816881.750000,0.000077,0,255,0
147563.234375,817034.562500,0.000078,0,255,0
147564.515625,817037.125000,0.000079,0,255,0
147547.953125,817087.125000,0.000080,0,255,0
147558.046875,817036.062500,0.000081,0,255,0
147710.531250,816834.375000,0.000082,0,255,0
147565.328125,816965.625000,0.000083,0,255,0
147568.390625,816973.250000,0.000084,0,255,0
147220.078125,817254.250000,0.000085,0,255,0
147179.562500,817260.562500,0.000086,0,255,0
147154.859375,817274.750000,0.000087,0,255,0
147665.843750,816883.625000,0.000088,0,255,0
147567.796875,816978.500000,0.000089,0,255,0
147491.296875,817054.500000,0.000090,0,255,0
147768.515625,816788.562500,0.000091,0,255,0
148657.125000,816646.875000,0.000092,0,255,0
148676.390625,816654.062500,0.000093,0,255,0
148743.421875,816687.687500,0.000094,0,255,0
148579.687500,816655.937500,0.000095,0,255,0
147979.140625,816702.562500,0.000096,0,255,0
147630.937500,816736.375000,0.000097,0,255,0
147628.875000,816733.750000,0.000098,0,255,0
147627.625000,816731.437500,0.000099,0,255,0
147633.078125,816729.437500,0.000100,0,255,0
147637.093750,816733.625000,0.000101,0,255,0
147636.593750,816731.312500,0.000102,0,255,0
147637.921875,816736.937500,0.000103,0,255,0
151113.093750,817016.875000,0.000104,0,255,0
147976.359375,816707.750000,0.000105,0,255,0
147591.984375,816834.625000,0.000106,0,255,0
147445.078125,816813.500000,0.000107,0,255,0
147442.015625,816818.937500,0.000108,0,255,0
147410.203125,816859.562500,0.000109,0,255,0
147354.515625,816904.312500,0.000110,0,255,0
147341.937500,816897.250000,0.000111,0,255,0
147334.218750,816888.687500,0.000112,0,255,0
147363.078125,816872.062500,0.000113,0,255,0
148557.343750,816655.562500,0.000114,0,255,0
148600.000000,816655.625000,0.000115,0,255,0
148089.531250,816710.687500,0.000116,0,255,0
148942.546875,816569.125000,0.000117,0,255,0
147504.156250,817572.625000,0.000118,0,255,0
149450.390625,816792.937500,0.000119,0,255,0
149445.578125,816816.625000,0.000120,0,255,0
149434.234375,816806.250000,0.000121,0,255,0
149551.687500,816859.812500,0.000122,0,255,0
148946.515625,816771.687500,0.000123,0,255,0
151228.859375,817068.187500,0.000124,0,255,0
147563.250000,817037.625000,0.000125,0,255,0
148358.203125,817803.437500,0.000126,0,255,0
151498.500000,817190.312500,0.000127,0,255,0
148288.937500,816672.562500,0.000128,0,255,0
148953.171875,816768.812500,0.000129,0,255,0
151121.796875,817129.375000,0.000130,0,255,0
147564.562500,817046.125000,0.000131,0,255,0
150020.234375,816986.125000,0.000132,0,255,0
150071.718750,816920.125000,0.000133,0,255,0
147366.328125,817311.625000,0.000134,0,255,0
151071.984375,817070.437500,0.000135,0,255,0
147730.328125,817261.375000,0.000136,0,255,0
147713.359375,817260.687500,0.000137,0,255,0
147695.703125,817260.625000,0.000138,0,255,0
147608.750000,817165.687500,0.000139,0,255,0
147294.500000,816747.812500,0.000140,0,255,0
147341.687500,817217.500000,0.000141,0,255,0
147371.125000,816692.937500,0.000142,0,255,0
147530.265625,817127.812500,0.000143,0,255,0
147424.453125,817332.937500,0.000144,0,255,0
147445.453125,816750.375000,0.000145,0,255,0
147355.281250,816921.875000,0.000146,0,255,0
147380.015625,816920.000000,0.000147,0,255,0
147467.687500,816960.687500,0.000148,0,255,0
147940.218750,817139.000000,0.000149,0,255,0
147564.593750,816961.562500,0.000150,0,255,0
147673.937500,817158.125000,0.000151,0,255,0
149371.671875,817545.687500,0.000152,0,255,0
147129.546875,817286.937500,0.000153,0,255,0
147251.421875,817336.625000,0.000154,0,255,0
147243.062500,817313.125000,0.000155,0,255,0
147501.406250,817085.187500,0.000156,0,255,0
147663.296875,817169.687500,0.000157,0,255,0
147119.984375,817302.812500,0.000158,0,255,0
147308.937500,816769.000000,0.000159,0,255,0
147400.531250,816725.875000,0.000160,0,255,0
147609.890625,817213.625000,0.000161,0,255,0
147558.953125,817189.187500,0.000162,0,255,0
147601.406250,817202.437500,0.000163,0,255,0
147623.390625,817199.187500,0.000164,0,255,0
147532.562500,817249.312500,0.000165,0,255,0
147586.906250,817287.750000,0.000166,0,255,0
147621.062500,817517.250000,0.000167,0,255,0
147515.734375,817527.812500,0.000168,0,255,0
147538.250000,817488.187500,0.000169,0,255,0
147400.453125,817359.125000,0.000170,0,255,0
147634.312500,817529.750000,0.000171,0,255,0
147729.890625,817481.375000,0.000172,0,255,0
147962.343750,817331.000000,0.000173,0,255,0
147961.859375,817331.687500,0.000174,0,255,0
148253.109375,817822.125000,0.000175,0,255,0
148332.593750,817795.937500,0.000176,0,255,0
148189.437500,817843.250000,0.000177,0,255,0
148046.515625,816711.750000,0.000178,0,255,0
149032.390625,817480.750000,0.000179,0,255,0
147464.562500,816803.812500,0.000180,0,255,0
147466.234375,816802.062500,0.000181,0,255,0
147420.375000,816824.250000,0.000182,0,255,0
147418.796875,816823.687500,0.000183,0,255,0
147383.328125,816857.812500,0.000184,0,255,0
147380.890625,816855.250000,0.000185,0,255,0
147422.312500,816874.187500,0.000186,0,255,0
147420.062500,816875.437500,0.000187,0,255,0
147414.203125,817138.187500,0.000188,0,255,0
147298.078125,816759.000000,0.000189,0,255,0
147539.046875,817098.500000,0.000190,0,255,0
147213.421875,817554.750000,0.000191,0,255,0
147556.484375,817070.000000,0.000192,0,255,0
147259.500000,817236.625000,0.000193,0,255,0
147285.937500,817276.500000,0.000194,0,255,0
147251.484375,817262.500000,0.000195,0,255,0
147247.500000,817229.375000,0.000196,0,255,0
147242.734375,817230.062500,0.000197,0,255,0
147388.609375,817166.125000,0.000198,0,255,0
147376.000000,817181.187500,0.000199,0,255,0
147406.265625,817171.625000,0.000200,0,255,0
147557.187500,817068.250000,0.000201,0,255,0
151355.343750,816721.125000,0.000202,0,255,0
151551.296875,816796.000000,0.000203,0,255,0
150677.875000,817150.500000,0.000204,0,255,0
150426.703125,817044.437500,0.000205,0,255,0
150440.765625,816997.812500,0.000206,0,255,0
150079.531250,816922.812500,0.000207,0,255,0
149515.265625,816851.250000,0.000208,0,255,0
149559.515625,816655.437500,0.000209,0,255,0
150075.437500,816923.562500,0.000210,0,255,0
147326.437500,817322.562500,0.000211,0,255,0
147480.781250,817097.500000,0.000212,0,255,0
147641.125000,816869.687500,0.000213,0,255,0
147647.187500,816871.187500,0.000214,0,255,0
147651.500000,816872.250000,0.000215,0,255,0
147662.921875,816875.812500,0.000216,0,255,0
147528.031250,817053.250000,0.000217,0,255,0
147563.875000,816947.562500,0.000218,0,255,0
147385.437500,817260.812500,0.000219,0,255,0
147609.578125,816885.250000,0.000220,0,255,0
147740.796875,816714.062500,0.000221,0,255,0
147556.562500,817325.812500,0.000222,0,255,0
147706.015625,816688.125000,0.000223,0,255,0
147419.687500,816908.375000,0.000224,0,255,0
147555.906250,816911.750000,0.000225,0,255,0
148284.093750,817791.500000,0.000226,0,255,0
148362.078125,817801.812500,0.000227,0,255,0
148379.796875,817788.875000,0.000228,0,255,0
150043.203125,816594.687500,0.000229,0,255,0
150300.171875,816654.625000,0.000230,0,255,0
150820.687500,817014.562500,0.000231,0,255,0
150722.359375,817020.125000,0.000232,0,255,0
150743.796875,817047.437500,0.000233,0,255,0
150740.593750,817047.812500,0.000234,0,255,0
150740.250000,817110.687500,0.000235,0,255,0
150983.468750,817046.250000,0.000236,0,255,0
151112.750000,817049.812500,0.000237,0,255,0
151131.484375,817053.312500,0.000238,0,255,0
151115.968750,817088.312500,0.000239,0,255,0
151101.921875,817190.812500,0.000240,0,255,0
151115.437500,817190.750000,0.000241,0,255,0
151123.312500,817190.937500,0.000242,0,255,0
151147.781250,817193.125000,0.000243,0,255,0
151142.796875,817192.375000,0.000244,0,255,0
151134.484375,817118.062500,0.000245,0,255,0
151166.078125,817082.500000,0.000246,0,255,0
150704.718750,816994.062500,0.000247,0,255,0
150708.140625,816997.687500,0.000248,0,255,0
150773.468750,817010.000000,0.000249,0,255,0
150727.093750,817003.875000,0.000250,0,255,0
150697.234375,817127.875000,0.000251,0,255,0
150890.015625,817031.750000,0.000252,0,255,0
151271.187500,816978.687500,0.000253,0,255,0
148893.546875,816742.812500,0.000254,0,255,0
149263.765625,816890.937500,0.000255,0,255,0
150076.328125,816919.812500,0.000256,0,255,0
149216.187500,816825.125000,0.000257,0,255,0
149221.343750,816824.312500,0.000258,0,255,0
148949.625000,816766.187500,0.000259,0,255,0
147613.968750,816943.062500,0.000260,0,255,0
147658.593750,816887.562500,0.000261,0,255,0
147661.906250,816888.125000,0.000262,0,255,0
147981.703125,816690.312500,0.000263,0,255,0
147977.328125,816710.937500,0.000264,0,255,0
147409.500000,816920.125000,0.000265,0,255,0
147559.546875,816991.687500,0.000266,0,255,0
147410.906250,817164.250000,0.000267,0,255,0
147527.500000,817529.437500,0.000268,0,255,0
147536.078125,817387.437500,0.000269,0,255,0
147541.859375,817389.375000,0.000270,0,255,0
147557.609375,817383.687500,0.000271,0,255,0
147562.640625,817387.062500,0.000272,0,255,0
147569.187500,817383.500000,0.000273,0,255,0
147564.250000,817380.500000,0.000274,0,255,0
147130.734375,817287.687500,0.000275,0,255,0
148306.828125,816610.250000,0.000276,0,255,0
148667.906250,816641.687500,0.000277,0,255,0
148696.156250,816639.875000,0.000278,0,255,0
148690.515625,816665.812500,0.000279,0,255,0
148952.171875,816768.312500,0.000280,0,255,0
149364.484375,816835.687500,0.000281,0,255,0
149543.234375,816874.937500,0.000282,0,255,0
150038.078125,816937.437500,0.000283,0,255,0
150037.921875,816936.937500,0.000284,0,255,0
150075.093750,816924.062500,0.000285,0,255,0
150076.875000,816923.875000,0.000286,0,255,0
150669.515625,816978.000000,0.000287,0,255,0
150741.828125,817018.375000,0.000288,0,255,0
150739.890625,817018.250000,0.000289,0,255,0
148549.937500,816565.500000,0.000290,0,255,0
151086.500000,817032.875000,0.000291,0,255,0
151084.265625,817032.750000,0.000292,0,255,0
151094.421875,817027.062500,0.000293,0,255,0
151344.062500,817100.875000,0.000294,0,255,0
151482.859375,816838.875000,0.000295,0,255,0
151495.812500,817148.000000,0.000296,0,255,0
150114.218750,817071.687500,0.000297,0,255,0
151044.796875,817133.937500,0.000298,0,255,0
148050.765625,816712.500000,0.000299,0,255,0
148901.250000,816696.000000,0.000300,0,255,0
148900.953125,816688.312500,0.000301,0,255,0
148883.250000,816689.437500,0.000302,0,255,0
148921.343750,816679.812500,0.000303,0,255,0
149672.250000,816899.687500,0.000304,0,255,0
149673.296875,816903.750000,0.000305,0,255,0
149658.296875,816900.187500,0.000306,0,255,0
149649.296875,816898.187500,0.000307,0,255,0
149646.000000,816895.625000,0.000308,0,255,0
151537.500000,817211.250000,0.000309,0,255,0
151314.593750,816704.875000,0.000310,0,255,0
150972.203125,816691.750000,0.000311,0,255,0
151107.750000,816625.500000,0.000312,0,255,0
151115.562500,816650.562500,0.000313,0,255,0
147393.296875,817085.062500,0.000314,0,255,0
147560.562500,817259.187500,0.000315,0,255,0
147572.515625,817151.687500,0.000316,0,255,0
147614.640625,817111.500000,0.000317,0,255,0
147798.578125,816776.500000,0.000318,0,255,0
148222.125000,817181.750000,0.000319,0,255,0
148789.437500,817648.625000,0.000320,0,255,0
148583.000000,817528.125000,0.000321,0,255,0
147218.296875,817673.000000,0.000322,0,255,0
147560.812500,817014.750000,0.000323,0,255,0
147575.171875,817010.125000,0.000324,0,255,0
147552.687500,817012.625000,0.000325,0,255,0
147563.156250,817032.062500,0.000326,0,255,0
147582.281250,816994.375000,0.000327,0,255,0
147962.000000,817329.625000,0.000328,0,255,0
147802.171875,817279.500000,0.000329,0,255,0
148266.437500,817837.687500,0.000330,0,255,0
148235.359375,817824.875000,0.000331,0,255,0
148296.375000,817809.375000,0.000332,0,255,0
147530.937500,817062.187500,0.000333,0,255,0
147536.859375,817054.062500,0.000334,0,255,0
147435.046875,816692.187500,0.000335,0,255,0
147448.062500,816668.187500,0.000336,0,255,0
149119.640625,817901.875000,0.000337,0,255,0
149332.843750,818137.437500,0.000338,0,255,0
147579.265625,816767.000000,0.000339,0,255,0
147535.625000,817072.062500,0.000340,0,255,0
147538.468750,817103.625000,0.000341,0,255,0
147547.843750,817111.375000,0.000342,0,255,0
147542.687500,817114.750000,0.000343,0,255,0
147611.312500,817167.312500,0.000344,0,255,0
147571.171875,817122.687500,0.000345,0,255,0
147578.562500,817118.875000,0.000346,0,255,0
147579.062500,817117.812500,0.000347,0,255,0
147579.781250,817116.000000,0.000348,0,255,0
147603.843750,817116.125000,0.000349,0,255,0
147622.640625,817107.250000,0.000350,0,255,0
147621.015625,817105.937500,0.000351,0,255,0
147619.468750,817104.687500,0.000352,0,255,0
147617.984375,817103.375000,0.000353,0,255,0
147616.484375,817102.062500,0.000354,0,255,0
147612.140625,817098.750000,0.000355,0,255,0
147609.421875,817091.000000,0.000356,0,255,0
147605.765625,817073.750000,0.000357,0,255,0
147603.640625,817065.437500,0.000358,0,255,0
147602.125000,817060.062500,0.000359,0,255,0
147601.828125,817050.562500,0.000360,0,255,0
147600.937500,817041.375000,0.000361,0,255,0
147595.468750,816996.187500,0.000362,0,255,0
147590.718750,817021.000000,0.000363,0,255,0
147621.093750,817101.250000,0.000364,0,255,0
147548.265625,817073.875000,0.000365,0,255,0
147856.234375,816745.125000,0.000366,0,255,0
151353.937500,816718.875000,0.000367,0,255,0
151033.484375,816670.750000,0.000368,0,255,0
150772.734375,817010.000000,0.000369,0,255,0
151124.937500,817049.062500,0.000370,0,255,0
151200.609375,817070.000000,0.000371,0,255,0
151183.140625,817066.812500,0.000372,0,255,0
151093.437500,817078.875000,0.000373,0,255,0
151497.671875,817146.937500,0.000374,0,255,0
150862.734375,816756.250000,0.000375,0,255,0
150691.859375,816890.625000,0.000376,0,255,0
150008.234375,817974.312500,0.000377,0,255,0
150006.343750,817876.125000,0.000378,0,255,0
149800.515625,817738.687500,0.000379,0,255,0
149732.984375,817692.500000,0.000380,0,255,0
148988.750000,817693.437500,0.000381,0,255,0
149842.484375,817971.312500,0.000382,0,255,0
147562.734375,816833.562500,0.000383,0,255,0
147591.656250,817098.750000,0.000384,0,255,0
148852.687500,817584.375000,0.000385,0,255,0
147574.640625,817080.062500,0.000386,0,255,0
147574.687500,817079.812500,0.000387,0,255,0
147574.250000,817057.000000,0.000388,0,255,0
147567.250000,817049.187500,0.000389,0,255,0
147567.093750,817049.437500,0.000390,0,255,0
147577.671875,817023.437500,0.000391,0,255,0
147333.562500,817306.812500,0.000392,0,255,0
147332.187500,817309.750000,0.000393,0,255,0
147337.421875,817308.750000,0.000394,0,255,0
147357.859375,817097.625000,0.000395,0,255,0
147328.718750,817143.375000,0.000396,0,255,0
147281.593750,817176.562500,0.000397,0,255,0
147216.046875,817212.312500,0.000398,0,255,0
147211.906250,817215.500000,0.000399,0,255,0
147084.015625,817248.000000,0.000400,0,255,0
146989.078125,817256.062500,0.000401,0,255,0
147165.828125,816951.875000,0.000402,0,255,0
149855.218750,817969.625000,0.000403,0,255,0
149901.687500,817986.812500,0.000404,0,255,0
147555.484375,817059.000000,0.000405,0,255,0
147553.046875,817066.687500,0.000406,0,255,0
147544.437500,817068.562500,0.000407,0,255,0
147545.125000,817067.250000,0.000408,0,255,0
147549.281250,817067.937500,0.000409,0,255,0
147547.312500,817067.562500,0.000410,0,255,0
147528.406250,817089.437500,0.000411,0,255,0
147506.468750,817084.437500,0.000412,0,255,0
147527.734375,817089.562500,0.000413,0,255,0
147527.625000,817089.312500,0.000414,0,255,0
147528.265625,817089.812500,0.000415,0,255,0
147528.515625,817089.062500,0.000416,0,255,0
147528.046875,817089.125000,0.000417,0,255,0
147547.609375,817083.937500,0.000418,0,255,0
147548.750000,817086.437500,0.000419,0,255,0
147532.734375,817127.062500,0.000420,0,255,0
147566.171875,817106.687500,0.000421,0,255,0
147469.796875,816685.062500,0.000422,0,255,0
147492.640625,816660.250000,0.000423,0,255,0
147532.843750,817015.875000,0.000424,0,255,0
147543.421875,816997.187500,0.000425,0,255,0
147490.484375,817054.250000,0.000426,0,255,0
147549.484375,817091.625000,0.000427,0,255,0
147433.515625,817064.375000,0.000428,0,255,0
147410.578125,817099.562500,0.000429,0,255,0
147448.093750,817040.500000,0.000430,0,255,0
147558.109375,817037.312500,0.000431,0,255,0
147402.671875,817317.625000,0.000432,0,255,0
147416.421875,817323.562500,0.000433,0,255,0
147448.515625,817329.562500,0.000434,0,255,0
147491.734375,817313.000000,0.000435,0,255,0
147552.437500,817338.375000,0.000436,0,255,0
147492.093750,817358.812500,0.000437,0,255,0
147525.765625,817090.000000,0.000438,0,255,0
147581.093750,817269.687500,0.000439,0,255,0
147529.937500,816787.812500,0.000440,0,255,0
147424.296875,816912.187500,0.000441,0,255,0
147493.671875,816887.812500,0.000442,0,255,0
147460.000000,816907.125000,0.000443,0,255,0
147540.281250,816927.062500,0.000444,0,255,0
147141.250000,817324.562500,0.000445,0,255,0
147158.750000,817353.875000,0.000446,0,255,0
147619.203125,817153.187500,0.000447,0,255,0
149714.171875,817764.937500,0.000448,0,255,0
147652.359375,816903.500000,0.000449,0,255,0
147653.656250,816902.187500,0.000450,0,255,0
147641.625000,816912.187500,0.000451,0,255,0
147627.593750,816932.687500,0.000452,0,255,0
147631.640625,816931.250000,0.000453,0,255,0
147626.828125,816939.812500,0.000454,0,255,0
147628.156250,816940.500000,0.000455,0,255,0
147657.031250,816886.500000,0.000456,0,255,0
147668.718750,816879.687500,0.000457,0,255,0
147572.953125,817024.312500,0.000458,0,255,0
147566.078125,816947.375000,0.000459,0,255,0
147569.125000,816960.000000,0.000460,0,255,0
147574.750000,816924.187500,0.000461,0,255,0
147586.937500,817098.312500,0.000462,0,255,0
147664.890625,816732.625000,0.000463,0,255,0
147543.687500,817016.687500,0.000464,0,255,0
147551.953125,817116.250000,0.000465,0,255,0
147562.921875,817051.875000,0.000466,0,255,0
147554.421875,817079.687500,0.000467,0,255,0
147542.703125,817084.625000,0.000468,0,255,0
147485.796875,817098.562500,0.000469,0,255,0
147772.000000,816790.312500,0.000470,0,255,0
147396.187500,817083.312500,0.000471,0,255,0
151523.906250,816788.250000,0.000472,0,255,0
151496.000000,816811.875000,0.000473,0,255,0
147536.062500,817017.625000,0.000474,0,255,0
147533.828125,817025.625000,0.000475,0,255,0
147562.156250,817037.000000,0.000476,0,255,0
147563.531250,817036.625000,0.000477,0,255,0
147563.125000,817036.625000,0.000478,0,255,0
147403.593750,817184.687500,0.000479,0,255,0
147509.500000,817151.562500,0.000480,0,255,0
150030.171875,817928.437500,0.000481,0,255,0
147505.609375,817144.687500,0.000482,0,255,0
147415.015625,816684.562500,0.000483,0,255,0
147477.218750,817049.500000,0.000484,0,255,0
147175.046875,817316.750000,0.000485,0,255,0
147448.890625,816860.562500,0.000486,0,255,0
147969.046875,816713.500000,0.000487,0,255,0
147235.828125,816944.750000,0.000488,0,255,0
147968.750000,816710.937500,0.000489,0,255,0
147243.984375,817234.562500,0.000490,0,255,0
147548.578125,816825.937500,0.000491,0,255,0
147751.687500,816793.000000,0.000492,0,255,0
151034.421875,816671.375000,0.000493,0,255,0
150862.906250,816756.687500,0.000494,0,255,0
151020.453125,816673.437500,0.000495,0,255,0
150703.968750,816892.687500,0.000496,0,255,0
150702.062500,816892.125000,0.000497,0,255,0
147402.906250,816906.937500,0.000498,0,255,0
147566.000000,816989.625000,0.000499,0,255,0
147445.015625,817042.625000,0.000500,0,255,0
147558.656250,817027.000000,0.000501,0,255,0
150124.765625,818116.062500,0.000502,0,255,0
146849.234375,817286.062500,0.000503,0,255,0
147672.546875,816762.250000,0.000504,0,255,0
147490.265625,817102.812500,0.000505,0,255,0
148431.734375,817932.187500,0.000506,0,255,0
148631.328125,817533.875000,0.000507,0,255,0
148630.625000,817535.125000,0.000508,0,255,0
148438.062500,817937.875000,0.000509,0,255,0
148709.578125,817572.937500,0.000510,0,255,0
148263.875000,817834.625000,0.000511,0,255,0
147847.015625,816744.375000,0.000512,0,255,0
148428.765625,818127.375000,0.000513,0,255,0
148429.437500,818132.562500,0.000514,0,255,0
149841.859375,818153.500000,0.000515,0,255,0
149843.859375,818151.812500,0.000516,0,255,0
147408.015625,817282.625000,0.000517,0,255,0
147553.218750,817326.437500,0.000518,0,255,0
147546.921875,817263.375000,0.000519,0,255,0
147514.703125,817055.125000,0.000520,0,255,0
151246.468750,817201.375000,0.000521,0,255,0
151245.343750,817201.500000,0.000522,0,255,0
151299.890625,817203.625000,0.000523,0,255,0
151460.859375,817227.750000,0.000524,0,255,0
151246.390625,817201.375000,0.000525,0,255,0
151217.500000,817198.437500,0.000526,0,255,0
151434.843750,817223.937500,0.000527,0,255,0
151217.812500,817198.437500,0.000528,0,255,0
151434.265625,817223.375000,0.000529,0,255,0
151518.343750,817239.375000,0.000530,0,255,0
149738.453125,817802.375000,0.000531,0,255,0
149756.218750,817959.187500,0.000532,0,255,0
149794.906250,817957.687500,0.000533,0,255,0
147458.875000,816809.125000,0.000534,0,255,0
147447.390625,816861.312500,0.000535,0,255,0
147501.250000,816832.500000,0.000536,0,255,0
147354.906250,816888.125000,0.000537,0,255,0
147528.234375,817013.312500,0.000538,0,255,0
147939.890625,817325.375000,0.000539,0,255,0
147952.015625,817326.187500,0.000540,0,255,0
149220.656250,817818.187500,0.000541,0,255,0
147540.437500,817004.625000,0.000542,0,255,0
147537.703125,817007.875000,0.000543,0,255,0
149526.515625,817894.562500,0.000544,0,255,0
149018.000000,817699.937500,0.000545,0,255,0
149707.546875,817994.875000,0.000546,0,255,0
149021.734375,817706.437500,0.000547,0,255,0
149328.250000,817817.375000,0.000548,0,255,0
149529.796875,817878.750000,0.000549,0,255,0
149821.968750,818035.437500,0.000550,0,255,0
149735.843750,818020.812500,0.000551,0,255,0
149329.093750,817817.500000,0.000552,0,255,0
149528.281250,817898.187500,0.000553,0,255,0
148786.437500,817645.312500,0.000554,0,255,0
149347.281250,817816.312500,0.000555,0,255,0
149422.265625,817831.750000,0.000556,0,255,0
147498.921875,817151.312500,0.000557,0,255,0
147540.843750,817513.937500,0.000558,0,255,0
147506.953125,817246.875000,0.000559,0,255,0
147554.046875,817326.750000,0.000560,0,255,0
147226.046875,817269.375000,0.000561,0,255,0
147519.843750,817065.875000,0.000562,0,255,0
147511.437500,817248.375000,0.000563,0,255,0
147529.593750,817884.000000,0.000564,0,255,0
147530.453125,817885.312500,0.000565,0,255,0
147136.000000,817244.250000,0.000566,0,255,0
147157.390625,817264.125000,0.000567,0,255,0
147155.125000,817265.375000,0.000568,0,255,0
147138.812500,817258.750000,0.000569,0,255,0
147109.328125,817274.750000,0.000570,0,255,0
147898.390625,817303.375000,0.000571,0,255,0
147904.859375,817314.750000,0.000572,0,255,0
149840.203125,818145.875000,0.000573,0,255,0
147631.843750,816739.062500,0.000574,0,255,0
147569.625000,817095.250000,0.000575,0,255,0
147582.921875,817104.937500,0.000576,0,255,0
147579.265625,817084.812500,0.000577,0,255,0
147523.296875,817056.000000,0.000578,0,255,0
147545.640625,817069.625000,0.000579,0,255,0
147500.734375,816778.875000,0.000580,0,255,0
147462.109375,817329.250000,0.000581,0,255,0
147934.765625,817622.250000,0.000582,0,255,0
147375.046875,817348.500000,0.000583,0,255,0
147491.218750,817113.000000,0.000584,0,255,0
147539.468750,817074.000000,0.000585,0,255,0
147603.000000,816978.500000,0.000586,0,255,0
147601.546875,816976.875000,0.000587,0,255,0
147239.937500,816955.062500,0.000588,0,255,0
147578.500000,816993.500000,0.000589,0,255,0
147579.546875,816994.312500,0.000590,0,255,0
146790.171875,817365.375000,0.000591,0,255,0
146931.078125,817493.500000,0.000592,0,255,0
148172.078125,817857.625000,0.000593,0,255,0
147769.984375,816796.750000,0.000594,0,255,0
147559.687500,817021.250000,0.000595,0,255,0
147259.859375,817242.375000,0.000596,0,255,0
147258.718750,817244.500000,0.000597,0,255,0
147492.046875,817562.250000,0.000598,0,255,0
147253.500000,816940.375000,0.000599,0,255,0
146962.171875,817391.812500,0.000600,0,255,0
146914.156250,817503.750000,0.000601,0,255,0
146887.937500,817330.875000,0.000602,0,255,0
148523.203125,818184.625000,0.000603,0,255,0
148615.015625,818222.000000,0.000604,0,255,0
148466.843750,818220.750000,0.000605,0,255,0
148638.406250,818144.687500,0.000606,0,255,0
150449.937500,817106.687500,0.000607,0,255,0
147938.937500,817128.375000,0.000608,0,255,0
147522.156250,817099.625000,0.000609,0,255,0
147834.625000,817130.750000,0.000610,0,255,0
147814.953125,817154.187500,0.000611,0,255,0
147813.171875,817154.187500,0.000612,0,255,0
147805.046875,817151.937500,0.000613,0,255,0
147837.359375,817132.687500,0.000614,0,255,0
147821.421875,817153.937500,0.000615,0,255,0
149029.328125,817713.625000,0.000616,0,255,0
149162.234375,816938.875000,0.000617,0,255,0
147173.531250,817295.250000,0.000618,0,255,0
147531.343750,817216.750000,0.000619,0,255,0
148218.015625,817184.375000,0.000620,0,255,0
148215.437500,817185.125000,0.000621,0,255,0
147327.843750,816916.125000,0.000622,0,255,0
147707.640625,816745.437500,0.000623,0,255,0
148293.906250,816671.500000,0.000624,0,255,0
147673.078125,817478.875000,0.000625,0,255,0
149022.890625,817470.625000,0.000626,0,255,0
147586.375000,817053.187500,0.000627,0,255,0
147483.203125,817103.625000,0.000628,0,255,0
148154.328125,816710.812500,0.000629,0,255,0
148155.171875,816710.625000,0.000630,0,255,0
148182.468750,816716.625000,0.000631,0,255,0
148164.671875,816719.687500,0.000632,0,255,0
147526.265625,817132.500000,0.000633,0,255,0
147523.187500,817137.750000,0.000634,0,255,0
147520.703125,817143.562500,0.000635,0,255,0
147712.406250,817497.125000,0.000636,0,255,0
147713.015625,817497.687500,0.000637,0,255,0
147663.109375,817171.062500,0.000638,0,255,0
147663.218750,817168.125000,0.000639,0,255,0
147529.031250,817089.375000,0.000640,0,255,0
147504.640625,817089.437500,0.000641,0,255,0
147501.046875,817095.937500,0.000642,0,255,0
147379.062500,817144.937500,0.000643,0,255,0
147580.421875,816992.875000,0.000644,0,255,0
147624.875000,817110.375000,0.000645,0,255,0
147553.296875,817032.125000,0.000646,0,255,0
147568.437500,817079.687500,0.000647,0,255,0
147638.890625,817095.750000,0.000648,0,255,0
150081.468750,816919.875000,0.000649,0,255,0
147485.468750,817107.500000,0.000650,0,255,0
147503.562500,817093.437500,0.000651,0,255,0
147531.359375,817013.687500,0.000652,0,255,0
147545.421875,817073.437500,0.000653,0,255,0
147561.109375,817059.000000,0.000654,0,255,0
147924.296875,817130.250000,0.000655,0,255,0
147908.015625,817163.312500,0.000656,0,255,0
147562.578125,817380.500000,0.000657,0,255,0
147557.921875,817382.687500,0.000658,0,255,0
147569.093750,817384.437500,0.000659,0,255,0
147564.421875,817387.062500,0.000660,0,255,0
147500.984375,817120.250000,0.000661,0,255,0
147499.578125,817115.562500,0.000662,0,255,0
147499.390625,817116.562500,0.000663,0,255,0
147500.046875,817117.750000,0.000664,0,255,0
147505.703125,817147.500000,0.000665,0,255,0
147589.468750,817068.062500,0.000666,0,255,0
147564.531250,816964.125000,0.000667,0,255,0
147497.156250,817087.750000,0.000668,0,255,0
147203.546875,817264.375000,0.000669,0,255,0
147527.750000,816788.687500,0.000670,0,255,0
147526.625000,816788.687500,0.000671,0,255,0
147892.625000,816727.437500,0.000672,0,255,0
147465.062500,817109.125000,0.000673,0,255,0
147980.234375,816710.500000,0.000674,0,255,0
147526.015625,817296.250000,0.000675,0,255,0
147531.187500,817211.250000,0.000676,0,255,0
147518.640625,817226.812500,0.000677,0,255,0
147495.468750,817230.750000,0.000678,0,255,0
147453.421875,817258.500000,0.000679,0,255,0
149811.859375,817990.375000,0.000680,0,255,0
147283.093750,816932.625000,0.000681,0,255,0
147279.765625,816934.500000,0.000682,0,255,0
149999.765625,817876.000000,0.000683,0,255,0
147472.406250,816765.125000,0.000684,0,255,0
147468.640625,816764.687500,0.000685,0,255,0
147512.421875,816938.312500,0.000686,0,255,0
147558.312500,816944.187500,0.000687,0,255,0
147523.000000,817099.187500,0.000688,0,255,0
147253.531250,817243.625000,0.000689,0,255,0
147247.156250,817235.687500,0.000690,0,255,0
147449.953125,817257.625000,0.000691,0,255,0
147513.328125,816777.437500,0.000692,0,255,0
147573.015625,816960.562500,0.000693,0,255,0
147561.578125,817034.437500,0.000694,0,255,0
147612.218750,817099.000000,0.000695,0,255,0
147613.718750,817099.562500,0.000696,0,255,0
147613.796875,817099.750000,0.000697,0,255,0
147565.546875,817087.500000,0.000698,0,255,0
147153.812500,817269.187500,0.000699,0,255,0
147256.843750,817236.062500,0.000700,0,255,0
147251.468750,817238.375000,0.000701,0,255,0
147256.671875,817241.000000,0.000702,0,255,0
147265.812500,817241.750000,0.000703,0,255,0
147259.390625,817242.937500,0.000704,0,255,0
147630.875000,817151.062500,0.000705,0,255,0
147655.046875,817153.125000,0.000706,0,255,0
149971.468750,816576.812500,0.000707,0,255,0
147618.546875,816945.375000,0.000708,0,255,0
147933.375000,817125.625000,0.000709,0,255,0
147584.828125,817142.625000,0.000710,0,255,0
147602.609375,817146.062500,0.000711,0,255,0
147604.281250,817146.125000,0.000712,0,255,0
147608.781250,817146.687500,0.000713,0,255,0
147611.968750,817147.062500,0.000714,0,255,0
147618.000000,817148.687500,0.000715,0,255,0
147624.125000,817149.437500,0.000716,0,255,0
147629.375000,817150.000000,0.000717,0,255,0
147636.765625,817150.812500,0.000718,0,255,0
147651.750000,817152.562500,0.000719,0,255,0
147659.031250,817153.437500,0.000720,0,255,0
147715.671875,817194.500000,0.000721,0,255,0
147780.531250,817210.062500,0.000722,0,255,0
147567.625000,817003.750000,0.000723,0,255,0
150666.875000,816974.687500,0.000724,0,255,0
148277.046875,816674.437500,0.000725,0,255,0
148267.687500,816674.687500,0.000726,0,255,0
147261.171875,817244.875000,0.000727,0,255,0
147527.578125,817054.812500,0.000728,0,255,0
147535.750000,817060.000000,0.000729,0,255,0
147253.562500,817218.687500,0.000730,0,255,0
147242.515625,817230.250000,0.000731,0,255,0
147250.375000,817232.125000,0.000732,0,255,0
147254.562500,817242.062500,0.000733,0,255,0
147240.640625,817253.437500,0.000734,0,255,0
147306.140625,816877.187500,0.000735,0,255,0
147251.828125,817233.375000,0.000736,0,255,0
147260.078125,817234.500000,0.000737,0,255,0
147259.671875,817234.625000,0.000738,0,255,0
147407.109375,816904.875000,0.000739,0,255,0
147343.312500,816920.312500,0.000740,0,255,0
147333.796875,816924.625000,0.000741,0,255,0
147342.062500,816924.937500,0.000742,0,255,0
147504.093750,816932.625000,0.000743,0,255,0
147504.937500,816933.312500,0.000744,0,255,0
147540.781250,816979.687500,0.000745,0,255,0
147251.984375,817238.312500,0.000746,0,255,0
147259.140625,817234.750000,0.000747,0,255,0
147267.718750,817238.125000,0.000748,0,255,0
147268.062500,817238.437500,0.000749,0,255,0
147273.531250,817243.000000,0.000750,0,255,0
147277.265625,817246.625000,0.000751,0,255,0
147268.234375,817260.500000,0.000752,0,255,0
147245.437500,817234.875000,0.000753,0,255,0
147274.187500,817236.312500,0.000754,0,255,0
147274.562500,817236.625000,0.000755,0,255,0
147272.609375,817236.875000,0.000756,0,255,0
147274.968750,817236.937500,0.000757,0,255,0
147272.421875,817237.187500,0.000758,0,255,0
147272.453125,817237.562500,0.000759,0,255,0
147272.906250,817237.750000,0.000760,0,255,0
147274.843750,817237.812500,0.000761,0,255,0
147273.484375,817237.875000,0.000762,0,255,0
147274.453125,817237.875000,0.000763,0,255,0
147274.062500,817237.875000,0.000764,0,255,0
147281.437500,817253.875000,0.000765,0,255,0
147232.046875,817263.375000,0.000766,0,255,0
147285.750000,817253.812500,0.000767,0,255,0
147286.734375,817255.750000,0.000768,0,255,0
147097.671875,817362.812500,0.000769,0,255,0
147559.000000,816964.062500,0.000770,0,255,0
147549.734375,816967.937500,0.000771,0,255,0
147549.156250,816968.125000,0.000772,0,255,0
147535.734375,817225.312500,0.000773,0,255,0
147539.546875,817229.062500,0.000774,0,255,0
149968.296875,816974.437500,0.000775,0,255,0
149951.421875,817009.625000,0.000776,0,255,0
146748.359375,817275.687500,0.000777,0,255,0
148691.078125,816666.062500,0.000778,0,255,0
147541.109375,816959.812500,0.000779,0,255,0
147530.187500,817062.437500,0.000780,0,255,0
147391.328125,817084.437500,0.000781,0,255,0
147549.562500,817519.312500,0.000782,0,255,0
147548.109375,817520.437500,0.000783,0,255,0
147571.421875,817522.250000,0.000784,0,255,0
150653.125000,816612.812500,0.000785,0,255,0
150586.000000,816673.437500,0.000786,0,255,0
150630.546875,816640.750000,0.000787,0,255,0
147674.968750,817499.250000,0.000788,0,255,0
147676.234375,817501.937500,0.000789,0,255,0
147604.906250,817472.312500,0.000790,0,255,0
147657.062500,817562.375000,0.000791,0,255,0
147644.000000,817589.062500,0.000792,0,255,0
147785.875000,816780.250000,0.000793,0,255,0
147432.812500,816957.562500,0.000794,0,255,0
147598.296875,816987.562500,0.000795,0,255,0
147599.046875,816989.000000,0.000796,0,255,0
147596.671875,816991.375000,0.000797,0,255,0
147599.937500,817024.250000,0.000798,0,255,0
147601.781250,817025.562500,0.000799,0,255,0
147600.703125,817034.000000,0.000800,0,255,0
147600.968750,817042.750000,0.000801,0,255,0
147601.875000,817052.750000,0.000802,0,255,0
147606.015625,817076.812500,0.000803,0,255,0
147608.156250,817084.000000,0.000804,0,255,0
146985.281250,817326.625000,0.000805,0,255,0
147106.093750,817355.875000,0.000806,0,255,0
147051.859375,817356.875000,0.000807,0,255,0
147330.406250,817313.875000,0.000808,0,255,0
148946.421875,816789.750000,0.000809,0,255,0
146911.296875,817501.125000,0.000810,0,255,0
147254.390625,817242.250000,0.000811,0,255,0
149086.359375,817419.562500,0.000812,0,255,0
148733.437500,817595.500000,0.000813,0,255,0
148799.390625,817649.000000,0.000814,0,255,0
147260.593750,817234.937500,0.000815,0,255,0
150452.718750,817107.000000,0.000816,0,255,0
150485.031250,817118.000000,0.000817,0,255,0
150488.000000,817118.750000,0.000818,0,255,0
150520.062500,817128.125000,0.000819,0,255,0
150522.843750,817128.437500,0.000820,0,255,0
150548.390625,817134.687500,0.000821,0,255,0
150550.750000,817135.062500,0.000822,0,255,0
147352.437500,817314.187500,0.000823,0,255,0
149840.187500,818085.312500,0.000824,0,255,0
151378.218750,816697.250000,0.000825,0,255,0
150802.125000,816849.500000,0.000826,0,255,0
150804.140625,816850.250000,0.000827,0,255,0
150801.078125,816850.562500,0.000828,0,255,0
150799.828125,816851.000000,0.000829,0,255,0
150809.046875,816852.062500,0.000830,0,255,0
150798.578125,816852.750000,0.000831,0,255,0
150813.531250,816853.750000,0.000832,0,255,0
150795.703125,816855.437500,0.000833,0,255,0
150794.703125,816856.375000,0.000834,0,255,0
150796.578125,816857.062500,0.000835,0,255,0
150787.437500,816859.312500,0.000836,0,255,0
150806.078125,816860.500000,0.000837,0,255,0
147568.437500,816967.812500,0.000838,0,255,0
147342.062500,817335.250000,0.000839,0,255,0
147441.437500,817452.125000,0.000840,0,255,0
147414.640625,816870.562500,0.000841,0,255,0
147500.062500,816762.625000,0.000842,0,255,0
147447.437500,816859.687500,0.000843,0,255,0
147527.421875,817013.062500,0.000844,0,255,0
147603.671875,817079.187500,0.000845,0,255,0
147623.515625,817107.875000,0.000846,0,255,0
147386.421875,817086.062500,0.000847,0,255,0
147388.906250,817086.875000,0.000848,0,255,0
147607.781250,817172.875000,0.000849,0,255,0
147795.781250,817182.437500,0.000850,0,255,0
147854.984375,817211.250000,0.000851,0,255,0
147542.359375,817071.812500,0.000852,0,255,0
148226.343750,817835.125000,0.000853,0,255,0
148225.328125,817834.125000,0.000854,0,255,0
148230.250000,817833.750000,0.000855,0,255,0
148229.062500,817835.500000,0.000856,0,255,0
148231.093750,817838.500000,0.000857,0,255,0
148216.921875,817814.812500,0.000858,0,255,0
147660.687500,817157.937500,0.000859,0,255,0
147667.281250,817161.125000,0.000860,0,255,0
147662.828125,816805.250000,0.000861,0,255,0
147666.218750,816806.562500,0.000862,0,255,0
147456.046875,816857.375000,0.000863,0,255,0
148257.359375,817832.187500,0.000864,0,255,0
147734.578125,816686.000000,0.000865,0,255,0
149216.812500,816825.062500,0.000866,0,255,0
150077.312500,816922.000000,0.000867,0,255,0
150076.750000,816922.312500,0.000868,0,255,0
147461.953125,817317.562500,0.000869,0,255,0
147468.093750,817129.937500,0.000870,0,255,0
147525.375000,816964.937500,0.000871,0,255,0
147367.015625,817312.187500,0.000872,0,255,0
147530.093750,817215.000000,0.000873,0,255,0
147250.125000,817222.437500,0.000874,0,255,0
150037.234375,816970.625000,0.000875,0,255,0
147430.937500,816724.187500,0.000876,0,255,0
147521.218750,816823.125000,0.000877,0,255,0
147537.375000,816834.187500,0.000878,0,255,0
147559.921875,816909.687500,0.000879,0,255,0
147562.562500,816911.750000,0.000880,0,255,0
147526.593750,816746.437500,0.000881,0,255,0
147512.984375,816751.875000,0.000882,0,255,0
147434.593750,816875.187500,0.000883,0,255,0
147545.296875,816942.812500,0.000884,0,255,0
147544.968750,816944.125000,0.000885,0,255,0
147494.531250,816953.812500,0.000886,0,255,0
147495.984375,816955.375000,0.000887,0,255,0
147540.359375,817009.750000,0.000888,0,255,0
147541.968750,817015.250000,0.000889,0,255,0
147511.453125,817149.625000,0.000890,0,255,0
147466.406250,817161.125000,0.000891,0,255,0
147609.484375,817167.062500,0.000892,0,255,0
147609.515625,817170.437500,0.000893,0,255,0
147664.187500,817170.000000,0.000894,0,255,0
147355.734375,817193.562500,0.000895,0,255,0
147363.015625,817193.937500,0.000896,0,255,0
147530.953125,817196.812500,0.000897,0,255,0
147533.437500,817194.625000,0.000898,0,255,0
147730.515625,817196.312500,0.000899,0,255,0
147671.890625,817204.375000,0.000900,0,255,0
147541.171875,817207.750000,0.000901,0,255,0
147674.203125,817224.750000,0.000902,0,255,0
147700.984375,817237.312500,0.000903,0,255,0
147745.578125,817242.437500,0.000904,0,255,0
147747.578125,817243.625000,0.000905,0,255,0
147493.421875,817262.687500,0.000906,0,255,0
147486.875000,817269.312500,0.000907,0,255,0
147413.296875,817278.125000,0.000908,0,255,0
147412.140625,817281.562500,0.000909,0,255,0
147358.453125,817314.687500,0.000910,0,255,0
147477.765625,816832.000000,0.000911,0,255,0
147550.234375,817168.437500,0.000912,0,255,0
147294.843750,816867.625000,0.000913,0,255,0
147601.625000,817303.187500,0.000914,0,255,0
147607.109375,817308.937500,0.000915,0,255,0
148253.562500,817840.875000,0.000916,0,255,0
148434.109375,817823.875000,0.000917,0,255,0
148087.421875,817868.937500,0.000918,0,255,0
148291.890625,817810.625000,0.000919,0,255,0
147537.156250,817009.312500,0.000920,0,255,0
148289.359375,817808.000000,0.000921,0,255,0
148189.093750,817843.625000,0.000922,0,255,0
148126.750000,817848.000000,0.000923,0,255,0
148240.109375,817840.500000,0.000924,0,255,0
147548.703125,817119.250000,0.000925,0,255,0
147625.203125,817110.187500,0.000926,0,255,0
147663.484375,817159.312500,0.000927,0,255,0
147422.109375,816670.562500,0.000928,0,255,0
147473.265625,816671.250000,0.000929,0,255,0
147488.156250,816672.062500,0.000930,0,255,0
147511.203125,817146.625000,0.000931,0,255,0
147521.593750,817160.500000,0.000932,0,255,0
147533.968750,817170.062500,0.000933,0,255,0
147591.390625,817178.000000,0.000934,0,255,0
147552.734375,817181.125000,0.000935,0,255,0
147521.703125,817059.750000,0.000936,0,255,0
147522.921875,817062.500000,0.000937,0,255,0
147490.937500,817091.125000,0.000938,0,255,0
147487.390625,817095.062500,0.000939,0,255,0
147488.968750,817095.437500,0.000940,0,255,0
147484.218750,817095.812500,0.000941,0,255,0
147483.796875,817097.000000,0.000942,0,255,0
147482.859375,817098.750000,0.000943,0,255,0
147505.031250,817113.750000,0.000944,0,255,0
147743.437500,817155.125000,0.000945,0,255,0
147564.265625,817025.125000,0.000946,0,255,0
147570.515625,816976.375000,0.000947,0,255,0
147563.328125,816988.687500,0.000948,0,255,0
147564.578125,816990.312500,0.000949,0,255,0
147563.250000,816991.437500,0.000950,0,255,0
147565.156250,816980.437500,0.000951,0,255,0
147586.218750,817152.125000,0.000952,0,255,0
147571.906250,817152.187500,0.000953,0,255,0
147525.296875,817100.250000,0.000954,0,255,0
147528.062500,817100.937500,0.000955,0,255,0
147531.046875,817074.625000,0.000956,0,255,0
148289.109375,817808.125000,0.000957,0,255,0
148428.125000,817855.750000,0.000958,0,255,0
148376.671875,817789.562500,0.000959,0,255,0
148517.984375,817886.312500,0.000960,0,255,0
148280.062500,817810.437500,0.000961,0,255,0
147501.343750,817112.062500,0.000962,0,255,0
147501.406250,817113.500000,0.000963,0,255,0
147563.984375,817118.875000,0.000964,0,255,0
147536.203125,817298.937500,0.000965,0,255,0
147541.671875,817307.125000,0.000966,0,255,0
147494.875000,817265.062500,0.000967,0,255,0
147479.296875,817240.875000,0.000968,0,255,0
147474.906250,817241.687500,0.000969,0,255,0
147562.328125,817262.000000,0.000970,0,255,0
147568.453125,817263.250000,0.000971,0,255,0
147564.687500,816902.562500,0.000972,0,255,0
147350.078125,817249.625000,0.000973,0,255,0
147363.312500,817262.875000,0.000974,0,255,0
148721.593750,818007.187500,0.000975,0,255,0
147376.828125,817232.125000,0.000976,0,255,0
147389.953125,817224.625000,0.000977,0,255,0
147590.265625,817022.250000,0.000978,0,255,0
147255.500000,817236.000000,0.000979,0,255,0
147812.640625,817285.875000,0.000980,0,255,0
150009.703125,817973.000000,0.000981,0,255,0
147562.984375,817038.812500,0.000982,0,255,0
147523.906250,816789.750000,0.000983,0,255,0
147520.500000,816790.375000,0.000984,0,255,0
147516.921875,816790.937500,0.000985,0,255,0
147513.062500,816791.500000,0.000986,0,255,0
147509.781250,816792.000000,0.000987,0,255,0
147506.109375,816792.937500,0.000988,0,255,0
147527.734375,816796.937500,0.000989,0,255,0
147524.250000,816797.562500,0.000990,0,255,0
147520.718750,816798.125000,0.000991,0,255,0
147516.796875,816798.875000,0.000992,0,255,0
147513.546875,816799.437500,0.000993,0,255,0
147509.843750,816800.125000,0.000994,0,255,0
147554.437500,816988.625000,0.000995,0,255,0
147526.187500,817011.937500,0.000996,0,255,0
147360.390625,817096.562500,0.000997,0,255,0
147359.640625,817097.875000,0.000998,0,255,0
147924.406250,817399.750000,0.000999,0,255,0
147979.171875,817197.562500,0.001000,0,255,0
147320.484375,817321.812500,0.001001,0,255,0
148087.031250,817869.062500,0.001002,0,255,0
147519.828125,816828.625000,0.001003,0,255,0
147617.906250,816712.875000,0.001004,0,255,0
147445.281250,816855.000000,0.001005,0,255,0
147527.093750,817099.375000,0.001006,0,255,0
147529.437500,817080.500000,0.001007,0,255,0
147551.546875,817023.687500,0.001008,0,255,0
147548.937500,817012.812500,0.001009,0,255,0
147558.937500,817018.187500,0.001010,0,255,0
147572.203125,817003.875000,0.001011,0,255,0
147317.125000,816741.250000,0.001012,0,255,0
147361.343750,816715.500000,0.001013,0,255,0
147637.859375,816808.187500,0.001014,0,255,0
147556.406250,817181.125000,0.001015,0,255,0
147839.140625,817201.625000,0.001016,0,255,0
147510.937500,817139.312500,0.001017,0,255,0
147694.328125,816734.500000,0.001018,0,255,0
147714.781250,816743.000000,0.001019,0,255,0
147728.812500,816726.687500,0.001020,0,255,0
147730.718750,816729.562500,0.001021,0,255,0
147495.265625,817209.375000,0.001022,0,255,0
147940.703125,816722.375000,0.001023,0,255,0
147836.078125,816760.875000,0.001024,0,255,0
147471.078125,817046.500000,0.001025,0,255,0
147688.375000,816703.500000,0.001026,0,255,0
147691.093750,816704.437500,0.001027,0,255,0
147722.375000,816718.687500,0.001028,0,255,0
147137.984375,816873.812500,0.001029,0,255,0
147756.843750,816795.375000,0.001030,0,255,0
148061.265625,816715.437500,0.001031,0,255,0
147634.500000,816808.250000,0.001032,0,255,0
147524.125000,817017.437500,0.001033,0,255,0
147650.203125,816873.750000,0.001034,0,255,0
147600.953125,816909.187500,0.001035,0,255,0
148481.750000,816821.750000,0.001036,0,255,0
149221.359375,816565.000000,0.001037,0,255,0
147653.921875,816872.812500,0.001038,0,255,0
147660.671875,816874.437500,0.001039,0,255,0
147444.953125,816916.437500,0.001040,0,255,0
147503.218750,816928.750000,0.001041,0,255,0
147522.500000,817090.375000,0.001042,0,255,0
147512.000000,817081.000000,0.001043,0,255,0
147766.093750,817212.312500,0.001044,0,255,0
147766.062500,817214.687500,0.001045,0,255,0
147454.296875,817168.437500,0.001046,0,255,0
147642.968750,816898.812500,0.001047,0,255,0
149529.015625,816896.875000,0.001048,0,255,0
149765.968750,817950.125000,0.001049,0,255,0
147572.843750,817118.562500,0.001050,0,255,0
147543.281250,817110.312500,0.001051,0,255,0
147473.531250,817114.500000,0.001052,0,255,0
149056.453125,818107.687500,0.001053,0,255,0
148858.843750,817930.500000,0.001054,0,255,0
148943.484375,817953.562500,0.001055,0,255,0
150113.000000,818094.375000,0.001056,0,255,0
148333.546875,817795.875000,0.001057,0,255,0
148227.015625,817833.250000,0.001058,0,255,0
147328.250000,817143.875000,0.001059,0,255,0
147566.343750,817014.500000,0.001060,0,255,0
147547.546875,816964.375000,0.001061,0,255,0
147563.093750,817033.500000,0.001062,0,255,0
149838.531250,818099.437500,0.001063,0,255,0
147346.140625,817149.687500,0.001064,0,255,0
147610.218750,817102.312500,0.001065,0,255,0
147593.953125,817056.937500,0.001066,0,255,0
147596.781250,817079.687500,0.001067,0,255,0
148252.265625,817829.500000,0.001068,0,255,0
149770.265625,817950.937500,0.001069,0,255,0
150001.109375,817982.062500,0.001070,0,255,0
149680.921875,817989.125000,0.001071,0,255,0
149683.984375,817990.187500,0.001072,0,255,0
147376.015625,817137.250000,0.001073,0,255,0
147502.671875,817055.000000,0.001074,0,255,0
147525.312500,817064.812500,0.001075,0,255,0
147634.546875,816925.937500,0.001076,0,255,0
147438.125000,817043.062500,0.001077,0,255,0
147440.796875,817043.875000,0.001078,0,255,0
147571.921875,817151.812500,0.001079,0,255,0
147572.718750,817151.875000,0.001080,0,255,0
147575.515625,817152.937500,0.001081,0,255,0
149899.687500,817991.437500,0.001082,0,255,0
147561.671875,817036.625000,0.001083,0,255,0
147246.765625,817280.062500,0.001084,0,255,0
147463.812500,817087.187500,0.001085,0,255,0
147538.593750,817006.750000,0.001086,0,255,0
147539.500000,817005.812500,0.001087,0,255,0
147542.453125,817002.375000,0.001088,0,255,0
147543.703125,817001.125000,0.001089,0,255,0
147544.765625,817000.062500,0.001090,0,255,0
148123.500000,816713.000000,0.001091,0,255,0
148089.015625,817364.812500,0.001092,0,255,0
148086.062500,817365.812500,0.001093,0,255,0
147785.843750,817256.125000,0.001094,0,255,0
149772.718750,817990.812500,0.001095,0,255,0
147710.734375,817491.437500,0.001096,0,255,0
147803.640625,816772.937500,0.001097,0,255,0
147167.468750,817264.375000,0.001098,0,255,0
147546.546875,817511.625000,0.001099,0,255,0
147615.296875,817856.875000,0.001100,0,255,0
147608.203125,817862.062500,0.001101,0,255,0
147859.140625,817300.500000,0.001102,0,255,0
149526.328125,817905.187500,0.001103,0,255,0
151088.218750,817061.875000,0.001104,0,255,0
147545.046875,817515.562500,0.001105,0,255,0
147544.062500,817517.000000,0.001106,0,255,0
147468.421875,816768.437500,0.001107,0,255,0
147503.703125,816773.375000,0.001108,0,255,0
147495.468750,816776.062500,0.001109,0,255,0
150090.625000,817985.187500,0.001110,0,255,0
148075.859375,816659.500000,0.001111,0,255,0
147590.578125,817098.812500,0.001112,0,255,0
150229.328125,816632.625000,0.001113,0,255,0
150228.890625,816633.437500,0.001114,0,255,0
150286.921875,816647.562500,0.001115,0,255,0
149799.859375,818009.750000,0.001116,0,255,0
147597.343750,817022.312500,0.001117,0,255,0
147560.031250,817045.812500,0.001118,0,255,0
147672.781250,817157.937500,0.001119,0,255,0
147528.312500,817065.375000,0.001120,0,255,0
147316.921875,816865.562500,0.001121,0,255,0
147588.937500,817025.937500,0.001122,0,255,0
146911.078125,817274.312500,0.001123,0,255,0
147490.968750,816892.437500,0.001124,0,255,0
147535.437500,816901.625000,0.001125,0,255,0
147556.109375,817017.375000,0.001126,0,255,0
147558.343750,817029.562500,0.001127,0,255,0
147614.000000,817109.437500,0.001128,0,255,0
147981.890625,817499.000000,0.001129,0,255,0
147612.046875,817110.062500,0.001130,0,255,0
147619.531250,817095.812500,0.001131,0,255,0
147552.859375,816967.937500,0.001132,0,255,0
147291.062500,817221.812500,0.001133,0,255,0
149203.656250,816569.250000,0.001134,0,255,0
149180.218750,816621.562500,0.001135,0,255,0
149209.640625,816687.562500,0.001136,0,255,0
147501.265625,816753.750000,0.001137,0,255,0
147492.890625,816756.125000,0.001138,0,255,0
147499.015625,816757.312500,0.001139,0,255,0
147226.000000,817266.500000,0.001140,0,255,0
147558.078125,816941.312500,0.001141,0,255,0
147570.203125,816931.062500,0.001142,0,255,0
147572.953125,816936.937500,0.001143,0,255,0
147249.640625,817228.875000,0.001144,0,255,0
147546.453125,817134.562500,0.001145,0,255,0
147448.375000,817085.750000,0.001146,0,255,0
147615.218750,817106.625000,0.001147,0,255,0
147712.046875,816832.125000,0.001148,0,255,0
149678.750000,816907.875000,0.001149,0,255,0
150068.078125,816939.125000,0.001150,0,255,0
150065.531250,817020.375000,0.001151,0,255,0
147541.859375,817071.875000,0.001152,0,255,0
147497.484375,817120.687500,0.001153,0,255,0
151110.468750,817189.687500,0.001154,0,255,0
147607.390625,816965.500000,0.001155,0,255,0
147623.953125,816946.250000,0.001156,0,255,0
147619.343750,816953.500000,0.001157,0,255,0
147615.437500,816959.312500,0.001158,0,255,0
147592.093750,816990.250000,0.001159,0,255,0
147592.984375,816994.375000,0.001160,0,255,0
147601.781250,817011.312500,0.001161,0,255,0
147897.312500,817203.687500,0.001162,0,255,0
147618.078125,816942.687500,0.001163,0,255,0
147618.515625,816946.812500,0.001164,0,255,0
147624.671875,816949.562500,0.001165,0,255,0
147622.578125,816952.000000,0.001166,0,255,0
147621.484375,816954.000000,0.001167,0,255,0
147619.562500,816957.625000,0.001168,0,255,0
147608.453125,816965.062500,0.001169,0,255,0
147496.640625,817095.812500,0.001170,0,255,0
147497.109375,817096.375000,0.001171,0,255,0
147496.078125,817096.750000,0.001172,0,255,0
147493.640625,817097.687500,0.001173,0,255,0
147493.078125,817097.875000,0.001174,0,255,0
147564.671875,817050.437500,0.001175,0,255,0
147536.078125,817064.062500,0.001176,0,255,0
147674.843750,817154.750000,0.001177,0,255,0
147740.843750,817156.687500,0.001178,0,255,0
147284.234375,817204.625000,0.001179,0,255,0
147614.375000,817100.312500,0.001180,0,255,0
151076.296875,817141.437500,0.001181,0,255,0
151123.968750,817128.687500,0.001182,0,255,0
151075.421875,817141.750000,0.001183,0,255,0
151077.125000,817141.312500,0.001184,0,255,0
151123.312500,817129.125000,0.001185,0,255,0
147565.015625,817018.375000,0.001186,0,255,0
147572.109375,817074.687500,0.001187,0,255,0
147587.343750,817029.000000,0.001188,0,255,0
147626.843750,816941.875000,0.001189,0,255,0
147598.312500,817028.375000,0.001190,0,255,0
147631.609375,816940.312500,0.001191,0,255,0
147629.281250,816943.062500,0.001192,0,255,0
147661.687500,816736.562500,0.001193,0,255,0
147494.156250,816752.687500,0.001194,0,255,0
147463.078125,816763.187500,0.001195,0,255,0
147462.843750,816766.687500,0.001196,0,255,0
147401.265625,816685.250000,0.001197,0,255,0
147410.093750,816685.312500,0.001198,0,255,0
147408.765625,816690.812500,0.001199,0,255,0
147435.015625,816732.625000,0.001200,0,255,0
147446.484375,816750.062500,0.001201,0,255,0
147494.890625,816792.000000,0.001202,0,255,0
147499.937500,816793.687500,0.001203,0,255,0
147493.671875,816795.187500,0.001204,0,255,0
147498.875000,816795.812500,0.001205,0,255,0
147529.062500,816827.937500,0.001206,0,255,0
147534.765625,816829.187500,0.001207,0,255,0
147527.484375,816830.062500,0.001208,0,255,0
147532.859375,816832.000000,0.001209,0,255,0
147573.656250,816884.937500,0.001210,0,255,0
147570.250000,816903.687500,0.001211,0,255,0
147565.250000,816904.937500,0.001212,0,255,0
147561.500000,816944.187500,0.001213,0,255,0
147566.468750,816990.250000,0.001214,0,255,0
147538.546875,817030.625000,0.001215,0,255,0
147535.781250,817128.000000,0.001216,0,255,0
147593.062500,816943.062500,0.001217,0,255,0
147487.781250,817107.937500,0.001218,0,255,0
147604.687500,816931.250000,0.001219,0,255,0
147601.296875,816935.562500,0.001220,0,255,0
147596.296875,816940.250000,0.001221,0,255,0
147500.250000,817115.750000,0.001222,0,255,0
147497.031250,817116.187500,0.001223,0,255,0
147496.984375,817118.187500,0.001224,0,255,0
147499.031250,817119.437500,0.001225,0,255,0
147506.703125,817147.375000,0.001226,0,255,0
147534.515625,817209.937500,0.001227,0,255,0
147533.593750,817212.937500,0.001228,0,255,0
147664.109375,817158.937500,0.001229,0,255,0
147772.109375,817212.000000,0.001230,0,255,0
147771.156250,817212.250000,0.001231,0,255,0
147777.765625,816788.062500,0.001232,0,255,0
147773.703125,816788.125000,0.001233,0,255,0
147766.953125,816790.437500,0.001234,0,255,0
147771.796875,816789.750000,0.001235,0,255,0
147774.312500,816790.750000,0.001236,0,255,0
147675.546875,816804.562500,0.001237,0,255,0
147673.000000,816805.312500,0.001238,0,255,0
147679.203125,816805.750000,0.001239,0,255,0
147676.343750,816806.437500,0.001240,0,255,0
147423.734375,816876.125000,0.001241,0,255,0
147407.218750,816893.687500,0.001242,0,255,0
147405.156250,816904.625000,0.001243,0,255,0
147403.953125,816905.062500,0.001244,0,255,0
147402.968750,816905.437500,0.001245,0,255,0
147409.359375,816907.750000,0.001246,0,255,0
147320.796875,816854.250000,0.001247,0,255,0
147536.609375,817057.062500,0.001248,0,255,0
147517.328125,817061.125000,0.001249,0,255,0
147446.437500,817039.375000,0.001250,0,255,0
147446.375000,817041.375000,0.001251,0,255,0
147494.281250,817231.250000,0.001252,0,255,0
147322.187500,817325.000000,0.001253,0,255,0
147328.203125,817325.562500,0.001254,0,255,0
147663.234375,816736.375000,0.001255,0,255,0
147415.578125,817085.937500,0.001256,0,255,0
147417.062500,817086.125000,0.001257,0,255,0
147555.718750,816826.625000,0.001258,0,255,0
147087.281250,817304.125000,0.001259,0,255,0
147810.093750,816759.250000,0.001260,0,255,0
147764.468750,817207.250000,0.001261,0,255,0
147482.281250,817100.187500,0.001262,0,255,0
147540.062500,817008.187500,0.001263,0,255,0
147535.062500,817200.500000,0.001264,0,255,0
147433.703125,816732.812500,0.001265,0,255,0
147626.000000,817154.125000,0.001266,0,255,0
147666.578125,817159.625000,0.001267,0,255,0
147528.625000,817268.062500,0.001268,0,255,0
147564.796875,817020.250000,0.001269,0,255,0
147573.640625,816829.062500,0.001270,0,255,0
147637.671875,816808.687500,0.001271,0,255,0
147320.578125,816857.250000,0.001272,0,255,0
147325.468750,816915.000000,0.001273,0,255,0
147332.234375,816917.812500,0.001274,0,255,0
147433.812500,817264.250000,0.001275,0,255,0
147541.031250,817119.062500,0.001276,0,255,0
147568.546875,817119.125000,0.001277,0,255,0
147569.156250,817121.312500,0.001278,0,255,0
147616.859375,817167.687500,0.001279,0,255,0
147451.703125,817252.812500,0.001280,0,255,0
147411.656250,817281.875000,0.001281,0,255,0
147662.437500,817168.125000,0.001282,0,255,0
147945.843750,817050.750000,0.001283,0,255,0
147248.359375,817248.625000,0.001284,0,255,0
147271.109375,817237.500000,0.001285,0,255,0
147235.281250,817247.812500,0.001286,0,255,0
148170.625000,816635.562500,0.001287,0,255,0
147232.718750,817257.250000,0.001288,0,255,0
147237.718750,817255.125000,0.001289,0,255,0
147246.718750,817250.500000,0.001290,0,255,0
147242.562500,817244.062500,0.001291,0,255,0
150756.390625,817017.687500,0.001292,0,255,0
147238.906250,817247.687500,0.001293,0,255,0
147515.843750,817088.625000,0.001294,0,255,0
147204.296875,817263.937500,0.001295,0,255,0
148456.859375,818010.937500,0.001296,0,255,0
147528.328125,817061.062500,0.001297,0,255,0
147636.187500,816918.625000,0.001298,0,255,0
147583.937500,816999.937500,0.001299,0,255,0
147550.453125,817090.625000,0.001300,0,255,0
147555.671875,817030.937500,0.001301,0,255,0
147407.890625,816737.562500,0.001302,0,255,0
149912.453125,816823.875000,0.001303,0,255,0
149894.859375,816820.812500,0.001304,0,255,0
151468.828125,817334.687500,0.001305,0,255,0
150078.562500,817029.437500,0.001306,0,255,0
149412.906250,817899.500000,0.001307,0,255,0
148306.984375,817482.500000,0.001308,0,255,0
148131.765625,817830.750000,0.001309,0,255,0
147539.593750,817126.437500,0.001310,0,255,0
147616.296875,816914.875000,0.001311,0,255,0
147616.843750,816917.125000,0.001312,0,255,0
147523.937500,816797.687500,0.001313,0,255,0
147520.359375,816798.312500,0.001314,0,255,0
147527.437500,816797.062500,0.001315,0,255,0
147532.750000,816787.937500,0.001316,0,255,0
148166.906250,817155.625000,0.001317,0,255,0
147595.953125,817115.875000,0.001318,0,255,0
147769.515625,816787.375000,0.001319,0,255,0
148593.359375,816656.875000,0.001320,0,255,0
148594.046875,816656.750000,0.001321,0,255,0
147488.390625,817110.687500,0.001322,0,255,0
147142.171875,817268.625000,0.001323,0,255,0
147828.046875,817155.250000,0.001324,0,255,0
147499.343750,817226.750000,0.001325,0,255,0
147451.203125,817258.937500,0.001326,0,255,0
147589.250000,817096.312500,0.001327,0,255,0
147504.296875,816831.062500,0.001328,0,255,0
147569.921875,816828.812500,0.001329,0,255,0
147619.953125,816816.875000,0.001330,0,255,0
147748.390625,816795.875000,0.001331,0,255,0
147512.578125,817251.187500,0.001332,0,255,0
147721.125000,817193.937500,0.001333,0,255,0
147773.875000,817236.187500,0.001334,0,255,0
147773.625000,817215.687500,0.001335,0,255,0
147626.796875,817303.375000,0.001336,0,255,0
147529.500000,817190.500000,0.001337,0,255,0
147503.640625,817146.562500,0.001338,0,255,0
147570.234375,816896.250000,0.001339,0,255,0
147540.156250,816838.312500,0.001340,0,255,0
147522.500000,816825.000000,0.001341,0,255,0
147491.937500,816793.937500,0.001342,0,255,0
147635.171875,816741.500000,0.001343,0,255,0
147529.406250,817083.750000,0.001344,0,255,0
147523.734375,816787.875000,0.001345,0,255,0
147517.359375,816789.250000,0.001346,0,255,0
147528.250000,817520.375000,0.001347,0,255,0
147563.468750,817510.500000,0.001348,0,255,0
147552.531250,816989.062500,0.001349,0,255,0
147537.359375,816990.562500,0.001350,0,255,0
148130.937500,816701.812500,0.001351,0,255,0
147367.859375,817191.437500,0.001352,0,255,0
147337.671875,817311.687500,0.001353,0,255,0
147517.625000,817105.562500,0.001354,0,255,0
147519.593750,817106.812500,0.001355,0,255,0
147519.093750,817106.562500,0.001356,0,255,0
147515.156250,817104.062500,0.001357,0,255,0
147521.171875,817104.812500,0.001358,0,255,0
147521.093750,817100.000000,0.001359,0,255,0
147518.312500,817103.062500,0.001360,0,255,0
147517.515625,817102.562500,0.001361,0,255,0
147515.968750,817101.500000,0.001362,0,255,0
147516.765625,817102.062500,0.001363,0,255,0
147502.812500,817092.875000,0.001364,0,255,0
147579.000000,816903.562500,0.001365,0,255,0
147524.156250,817106.125000,0.001366,0,255,0
147358.421875,817315.375000,0.001367,0,255,0
147520.500000,817100.875000,0.001368,0,255,0
147516.640625,817101.937500,0.001369,0,255,0
147503.390625,816810.687500,0.001370,0,255,0
147548.796875,817081.875000,0.001371,0,255,0
147625.187500,817109.250000,0.001372,0,255,0
147583.312500,817121.687500,0.001373,0,255,0
147498.234375,817086.375000,0.001374,0,255,0
147545.781250,817054.062500,0.001375,0,255,0
147519.562500,817099.062500,0.001376,0,255,0
147512.562500,817099.812500,0.001377,0,255,0
147516.656250,817101.000000,0.001378,0,255,0
147500.968750,817120.125000,0.001379,0,255,0
147511.171875,817096.062500,0.001380,0,255,0
147509.390625,817100.312500,0.001381,0,255,0
147507.328125,817098.625000,0.001382,0,255,0
147511.671875,817098.312500,0.001383,0,255,0
147512.921875,817102.687500,0.001384,0,255,0
147513.968750,817103.312500,0.001385,0,255,0
147520.859375,817093.062500,0.001386,0,255,0
147514.375000,817099.000000,0.001387,0,255,0
148335.312500,817794.437500,0.001388,0,255,0
148229.828125,817837.625000,0.001389,0,255,0
148449.609375,817816.750000,0.001390,0,255,0
148321.484375,817863.750000,0.001391,0,255,0
148281.468750,817809.500000,0.001392,0,255,0
148413.656250,817799.500000,0.001393,0,255,0
147935.343750,817621.625000,0.001394,0,255,0
148301.687500,816740.562500,0.001395,0,255,0
148150.843750,816718.562500,0.001396,0,255,0
148215.609375,816722.625000,0.001397,0,255,0
148216.750000,816723.562500,0.001398,0,255,0
148204.046875,816716.625000,0.001399,0,255,0
148168.125000,816708.687500,0.001400,0,255,0
148139.968750,816716.125000,0.001401,0,255,0
148170.000000,816728.125000,0.001402,0,255,0
148253.140625,817823.125000,0.001403,0,255,0
148233.281250,817831.187500,0.001404,0,255,0
147476.812500,816764.125000,0.001405,0,255,0
147498.296875,816766.687500,0.001406,0,255,0
147469.609375,817100.000000,0.001407,0,255,0
147565.171875,816893.812500,0.001408,0,255,0
147561.750000,817062.625000,0.001409,0,255,0
147518.234375,817096.250000,0.001410,0,255,0
147506.750000,817098.187500,0.001411,0,255,0
147524.281250,817102.187500,0.001412,0,255,0
147241.875000,817236.812500,0.001413,0,255,0
147500.718750,817118.875000,0.001414,0,255,0
147522.718750,817099.812500,0.001415,0,255,0
147564.234375,817041.812500,0.001416,0,255,0
147511.328125,817096.125000,0.001417,0,255,0
147515.265625,817099.375000,0.001418,0,255,0
147508.937500,817093.937500,0.001419,0,255,0
147499.406250,817117.312500,0.001420,0,255,0
147499.031250,817096.562500,0.001421,0,255,0
147567.468750,817118.812500,0.001422,0,255,0
149216.406250,816953.187500,0.001423,0,255,0
149216.296875,816953.562500,0.001424,0,255,0
149206.265625,816953.687500,0.001425,0,255,0
149216.562500,816952.937500,0.001426,0,255,0
149213.187500,816947.812500,0.001427,0,255,0
147610.234375,817038.125000,0.001428,0,255,0
149211.703125,816952.687500,0.001429,0,255,0
149209.265625,816952.937500,0.001430,0,255,0
149106.390625,816942.437500,0.001431,0,255,0
149010.906250,816930.812500,0.001432,0,255,0
147431.046875,817129.312500,0.001433,0,255,0
147429.593750,817126.125000,0.001434,0,255,0
147433.781250,817125.437500,0.001435,0,255,0
147433.171875,817131.562500,0.001436,0,255,0
147432.562500,817132.500000,0.001437,0,255,0
148608.937500,817495.812500,0.001438,0,255,0
148636.343750,817508.687500,0.001439,0,255,0
147533.437500,817129.812500,0.001440,0,255,0
147503.859375,817112.875000,0.001441,0,255,0
147566.921875,817124.750000,0.001442,0,255,0
147589.000000,817122.812500,0.001443,0,255,0
147604.859375,817113.187500,0.001444,0,255,0
147603.953125,817110.875000,0.001445,0,255,0
147605.875000,817110.375000,0.001446,0,255,0
147603.812500,817112.187500,0.001447,0,255,0
147564.640625,817030.687500,0.001448,0,255,0
147492.468750,817103.125000,0.001449,0,255,0
147634.640625,817529.750000,0.001450,0,255,0
147578.515625,817033.625000,0.001451,0,255,0
147575.109375,817063.187500,0.001452,0,255,0
147562.562500,817213.562500,0.001453,0,255,0
147762.515625,817191.062500,0.001454,0,255,0
147496.593750,817205.625000,0.001455,0,255,0
147496.640625,817205.687500,0.001456,0,255,0
147566.250000,816993.625000,0.001457,0,255,0
147470.593750,817124.375000,0.001458,0,255,0
147455.859375,817127.500000,0.001459,0,255,0
150431.093750,817123.375000,0.001460,0,255,0
147494.937500,817119.937500,0.001461,0,255,0
147487.468750,817121.250000,0.001462,0,255,0
149056.484375,817435.125000,0.001463,0,255,0
147506.953125,817095.000000,0.001464,0,255,0
147507.953125,817100.000000,0.001465,0,255,0
147501.531250,817099.250000,0.001466,0,255,0
147500.812500,817111.750000,0.001467,0,255,0
147479.609375,817122.500000,0.001468,0,255,0
147490.031250,817101.125000,0.001469,0,255,0
147501.078125,817110.500000,0.001470,0,255,0
147472.187500,817123.750000,0.001471,0,255,0
147459.171875,817126.312500,0.001472,0,255,0
147604.125000,817163.687500,0.001473,0,255,0
151136.218750,817188.750000,0.001474,0,255,0
151108.343750,817179.812500,0.001475,0,255,0
151145.562500,817193.062500,0.001476,0,255,0
149805.078125,817738.625000,0.001477,0,255,0
150003.812500,817872.750000,0.001478,0,255,0
147586.171875,817077.812500,0.001479,0,255,0
147530.562500,817036.000000,0.001480,0,255,0
147600.125000,817114.062500,0.001481,0,255,0
150018.546875,816994.875000,0.001482,0,255,0
147482.875000,817120.062500,0.001483,0,255,0
148447.515625,817969.562500,0.001484,0,255,0
147482.984375,817102.062500,0.001485,0,255,0
147592.656250,817121.312500,0.001486,0,255,0
147525.546875,817010.000000,0.001487,0,255,0
147494.421875,817104.687500,0.001488,0,255,0
147491.906250,817098.937500,0.001489,0,255,0
147495.625000,817097.750000,0.001490,0,255,0
147498.734375,817108.625000,0.001491,0,255,0
147505.781250,817097.937500,0.001492,0,255,0
147492.796875,817103.250000,0.001493,0,255,0
147503.546875,817112.625000,0.001494,0,255,0
147496.421875,817106.687500,0.001495,0,255,0
147498.234375,817096.625000,0.001496,0,255,0
147456.656250,817125.062500,0.001497,0,255,0
147492.453125,817097.500000,0.001498,0,255,0
147504.765625,817123.062500,0.001499,0,255,0
146890.609375,817281.250000,0.001500,0,255,0
146918.625000,817271.062500,0.001501,0,255,0
146989.984375,817256.375000,0.001502,0,255,0
147149.031250,817229.375000,0.001503,0,255,0
147208.859375,817216.750000,0.001504,0,255,0
147264.218750,817182.750000,0.001505,0,255,0
147347.468750,817118.125000,0.001506,0,255,0
147355.734375,817103.187500,0.001507,0,255,0
147358.640625,817097.812500,0.001508,0,255,0
147357.812500,817099.250000,0.001509,0,255,0
147210.328125,817216.125000,0.001510,0,255,0
146854.921875,817284.875000,0.001511,0,255,0
146827.312500,817283.687500,0.001512,0,255,0
146827.406250,817283.562500,0.001513,0,255,0
146844.500000,817132.250000,0.001514,0,255,0
147049.234375,816962.875000,0.001515,0,255,0
147166.531250,816953.750000,0.001516,0,255,0
147491.609375,817106.187500,0.001517,0,255,0
147495.250000,817110.875000,0.001518,0,255,0
147448.437500,817128.937500,0.001519,0,255,0
147438.328125,817129.687500,0.001520,0,255,0
147438.000000,817129.750000,0.001521,0,255,0
149944.765625,817026.000000,0.001522,0,255,0
149944.765625,817026.000000,0.001523,0,255,0
149731.203125,817016.312500,0.001524,0,255,0
147528.687500,817112.875000,0.001525,0,255,0
147528.609375,817112.875000,0.001526,0,255,0
147524.640625,817110.187500,0.001527,0,255,0
147542.234375,817105.312500,0.001528,0,255,0
147493.062500,817119.875000,0.001529,0,255,0
147496.265625,817106.750000,0.001530,0,255,0
147745.921875,816813.875000,0.001531,0,255,0
147628.171875,816902.187500,0.001532,0,255,0
147449.390625,817126.437500,0.001533,0,255,0
147532.859375,816789.250000,0.001534,0,255,0
147530.562500,816824.812500,0.001535,0,255,0
149159.703125,817549.750000,0.001536,0,255,0
149128.234375,817526.062500,0.001537,0,255,0
147544.015625,817014.625000,0.001538,0,255,0
147512.515625,816833.312500,0.001539,0,255,0
147335.953125,817310.250000,0.001540,0,255,0
147540.906250,816998.187500,0.001541,0,255,0
147522.796875,817018.250000,0.001542,0,255,0
147523.609375,817018.500000,0.001543,0,255,0
147493.750000,817050.500000,0.001544,0,255,0
147494.562500,817050.687500,0.001545,0,255,0
147592.781250,816981.687500,0.001546,0,255,0
147252.437500,817311.375000,0.001547,0,255,0
147594.000000,816977.437500,0.001548,0,255,0
147593.765625,816977.937500,0.001549,0,255,0
147593.562500,816978.437500,0.001550,0,255,0
147591.171875,816979.500000,0.001551,0,255,0
147607.109375,816987.312500,0.001552,0,255,0
147590.796875,816985.187500,0.001553,0,255,0
147590.500000,816985.187500,0.001554,0,255,0
150818.343750,817166.062500,0.001555,0,255,0
147441.250000,817494.625000,0.001556,0,255,0
147440.515625,817494.437500,0.001557,0,255,0
147504.703125,817096.562500,0.001558,0,255,0
147505.109375,817096.875000,0.001559,0,255,0
147505.453125,817097.125000,0.001560,0,255,0
147512.250000,816964.250000,0.001561,0,255,0
148247.359375,816718.750000,0.001562,0,255,0
148233.625000,816717.625000,0.001563,0,255,0
148215.250000,816723.750000,0.001564,0,255,0
150889.421875,817031.687500,0.001565,0,255,0
151343.312500,817100.687500,0.001566,0,255,0
147439.093750,817128.875000,0.001567,0,255,0
149729.281250,817993.625000,0.001568,0,255,0
150077.640625,816923.062500,0.001569,0,255,0
147459.968750,817102.812500,0.001570,0,255,0
147977.578125,816708.000000,0.001571,0,255,0
147466.921875,817629.062500,0.001572,0,255,0
147813.296875,816832.000000,0.001573,0,255,0
147783.953125,816781.187500,0.001574,0,255,0
147463.453125,817101.312500,0.001575,0,255,0
150074.343750,817953.687500,0.001576,0,255,0
147521.703125,816824.625000,0.001577,0,255,0
147530.000000,817092.562500,0.001578,0,255,0
147607.578125,816986.312500,0.001579,0,255,0
147522.218750,817091.062500,0.001580,0,255,0
147490.203125,817102.375000,0.001581,0,255,0
147128.390625,817351.687500,0.001582,0,255,0
147541.625000,816978.062500,0.001583,0,255,0
149372.218750,817547.312500,0.001584,0,255,0
149560.671875,816655.375000,0.001585,0,255,0
147453.406250,816912.625000,0.001586,0,255,0
147458.312500,816915.062500,0.001587,0,255,0
147628.484375,816939.562500,0.001588,0,255,0
147612.500000,817112.312500,0.001589,0,255,0
147536.984375,816724.750000,0.001590,0,255,0
147569.296875,817121.687500,0.001591,0,255,0
147387.031250,816932.125000,0.001592,0,255,0
151116.937500,817047.000000,0.001593,0,255,0
151113.562500,817048.562500,0.001594,0,255,0
147696.906250,816858.125000,0.001595,0,255,0
150289.578125,816648.437500,0.001596,0,255,0
150179.500000,816624.937500,0.001597,0,255,0
150172.406250,816625.500000,0.001598,0,255,0
150040.625000,816595.625000,0.001599,0,255,0
149486.093750,816830.625000,0.001600,0,255,0
149485.281250,816830.812500,0.001601,0,255,0
149516.078125,816850.062500,0.001602,0,255,0
149694.546875,816880.062500,0.001603,0,255,0
149651.609375,816886.812500,0.001604,0,255,0
149916.984375,816902.250000,0.001605,0,255,0
149883.546875,816896.937500,0.001606,0,255,0
150085.062500,816913.812500,0.001607,0,255,0
150086.484375,816921.125000,0.001608,0,255,0
150538.937500,817003.000000,0.001609,0,255,0
150536.437500,817004.687500,0.001610,0,255,0
147036.671875,817428.500000,0.001611,0,255,0
150549.781250,816581.125000,0.001612,0,255,0
150549.890625,816581.125000,0.001613,0,255,0
150544.703125,816583.125000,0.001614,0,255,0
150544.234375,816582.312500,0.001615,0,255,0
148950.031250,816763.812500,0.001616,0,255,0
149222.203125,816822.625000,0.001617,0,255,0
149222.609375,816824.375000,0.001618,0,255,0
149384.437500,816835.000000,0.001619,0,255,0
149357.015625,816835.187500,0.001620,0,255,0
150047.156250,816785.812500,0.001621,0,255,0
150025.984375,816773.500000,0.001622,0,255,0
147840.671875,816743.375000,0.001623,0,255,0
147448.375000,816857.125000,0.001624,0,255,0
147444.437500,816858.312500,0.001625,0,255,0
147443.859375,816858.312500,0.001626,0,255,0
147637.812500,816736.250000,0.001627,0,255,0
147631.609375,816729.375000,0.001628,0,255,0
147637.328125,816734.937500,0.001629,0,255,0
147606.906250,816621.312500,0.001630,0,255,0
147608.453125,816619.562500,0.001631,0,255,0
149772.984375,817992.125000,0.001632,0,255,0
147634.390625,817093.625000,0.001633,0,255,0
147607.046875,816991.625000,0.001634,0,255,0
147607.562500,816992.875000,0.001635,0,255,0
147607.968750,816994.437500,0.001636,0,255,0
149796.890625,817737.437500,0.001637,0,255,0
149721.015625,817738.687500,0.001638,0,255,0
149047.843750,817444.687500,0.001639,0,255,0
148960.156250,817511.812500,0.001640,0,255,0
150175.156250,818122.750000,0.001641,0,255,0
149842.468750,818147.437500,0.001642,0,255,0
147610.062500,817148.437500,0.001643,0,255,0
147853.187500,816746.562500,0.001644,0,255,0
147813.656250,816773.625000,0.001645,0,255,0
149484.484375,817742.437500,0.001646,0,255,0
149492.046875,818011.500000,0.001647,0,255,0
148318.140625,817491.562500,0.001648,0,255,0
148259.171875,817470.625000,0.001649,0,255,0
148261.343750,817471.250000,0.001650,0,255,0
148264.343750,817465.062500,0.001651,0,255,0
148135.078125,817420.937500,0.001652,0,255,0
147975.531250,817322.750000,0.001653,0,255,0
148045.828125,817293.812500,0.001654,0,255,0
147997.093750,817385.437500,0.001655,0,255,0
149756.875000,816911.562500,0.001656,0,255,0
151266.343750,816852.750000,0.001657,0,255,0
151220.218750,816721.062500,0.001658,0,255,0
151094.171875,816851.375000,0.001659,0,255,0
151112.468750,816843.875000,0.001660,0,255,0
151103.734375,816852.250000,0.001661,0,255,0
151131.343750,816589.750000,0.001662,0,255,0
151038.578125,816650.687500,0.001663,0,255,0
151046.062500,816650.687500,0.001664,0,255,0
149245.109375,818063.750000,0.001665,0,255,0
147504.421875,816834.375000,0.001666,0,255,0
150070.750000,817024.375000,0.001667,0,255,0
147551.609375,817087.125000,0.001668,0,255,0
147545.203125,817088.250000,0.001669,0,255,0
150439.093750,817003.062500,0.001670,0,255,0
149951.062500,817010.312500,0.001671,0,255,0
147707.234375,817156.625000,0.001672,0,255,0
149742.937500,817684.687500,0.001673,0,255,0
149742.578125,817686.125000,0.001674,0,255,0
149744.000000,817681.375000,0.001675,0,255,0
149716.531250,817687.062500,0.001676,0,255,0
149727.546875,817687.125000,0.001677,0,255,0
149720.000000,817685.937500,0.001678,0,255,0
149745.296875,817684.937500,0.001679,0,255,0
149740.593750,817684.312500,0.001680,0,255,0
149745.640625,817680.937500,0.001681,0,255,0
149751.484375,817685.875000,0.001682,0,255,0
149753.921875,817686.062500,0.001683,0,255,0
149722.421875,817689.437500,0.001684,0,255,0
149694.218750,817674.000000,0.001685,0,255,0
149749.031250,817685.562500,0.001686,0,255,0
149747.203125,817685.500000,0.001687,0,255,0
149749.078125,817690.187500,0.001688,0,255,0
149751.031250,817690.500000,0.001689,0,255,0
149750.859375,817690.937500,0.001690,0,255,0
149749.625000,817691.000000,0.001691,0,255,0
149749.609375,817690.500000,0.001692,0,255,0
149750.046875,817689.687500,0.001693,0,255,0
147059.906250,817306.625000,0.001694,0,255,0
147080.984375,817305.250000,0.001695,0,255,0
147418.406250,817181.812500,0.001696,0,255,0
147422.671875,817178.750000,0.001697,0,255,0
147486.828125,817105.437500,0.001698,0,255,0
147486.500000,817104.875000,0.001699,0,255,0
147488.656250,817091.187500,0.001700,0,255,0
147392.515625,816931.000000,0.001701,0,255,0
147389.062500,816937.250000,0.001702,0,255,0
147383.171875,816932.562500,0.001703,0,255,0
147708.062500,816747.250000,0.001704,0,255,0
147505.453125,817145.187500,0.001705,0,255,0
147378.265625,817231.375000,0.001706,0,255,0
147350.937500,817250.062500,0.001707,0,255,0
147607.218750,817309.500000,0.001708,0,255,0
147763.015625,817206.812500,0.001709,0,255,0
147672.187500,817173.250000,0.001710,0,255,0
147533.187500,817009.625000,0.001711,0,255,0
151078.406250,817163.062500,0.001712,0,255,0
147534.359375,817024.125000,0.001713,0,255,0
147628.875000,816738.000000,0.001714,0,255,0
147571.625000,816900.875000,0.001715,0,255,0
147598.312500,817022.687500,0.001716,0,255,0
149750.359375,817782.500000,0.001717,0,255,0
149708.171875,817742.312500,0.001718,0,255,0
149731.687500,817765.250000,0.001719,0,255,0
149737.984375,817803.125000,0.001720,0,255,0
149739.015625,817801.437500,0.001721,0,255,0
149967.984375,817927.437500,0.001722,0,255,0
149967.546875,817926.437500,0.001723,0,255,0
149968.343750,817928.125000,0.001724,0,255,0
149795.343750,817724.562500,0.001725,0,255,0
147891.718750,816727.625000,0.001726,0,255,0
147942.500000,816715.125000,0.001727,0,255,0
148205.046875,816629.250000,0.001728,0,255,0
148205.296875,816629.250000,0.001729,0,255,0
148358.890625,816600.750000,0.001730,0,255,0
147559.796875,816984.437500,0.001731,0,255,0
147586.671875,816963.062500,0.001732,0,255,0
147690.593750,816857.187500,0.001733,0,255,0
147675.812500,816871.000000,0.001734,0,255,0
147716.359375,816835.875000,0.001735,0,255,0
147716.453125,816835.812500,0.001736,0,255,0
147804.734375,816754.000000,0.001737,0,255,0
147793.843750,816760.937500,0.001738,0,255,0
147224.468750,817812.875000,0.001739,0,255,0
147218.218750,817671.062500,0.001740,0,255,0
147217.265625,817649.312500,0.001741,0,255,0
147234.906250,817461.750000,0.001742,0,255,0
147242.562500,817438.937500,0.001743,0,255,0
147411.109375,817135.687500,0.001744,0,255,0
147430.125000,817122.937500,0.001745,0,255,0
147460.562500,817091.187500,0.001746,0,255,0
149682.875000,817990.312500,0.001747,0,255,0
149604.828125,818022.937500,0.001748,0,255,0
147402.015625,817254.812500,0.001749,0,255,0
150097.296875,816752.250000,0.001750,0,255,0
147983.296875,816700.437500,0.001751,0,255,0
147216.796875,817557.687500,0.001752,0,255,0
147502.062500,816941.125000,0.001753,0,255,0
147511.046875,817085.750000,0.001754,0,255,0
147534.578125,817057.750000,0.001755,0,255,0
147321.859375,816738.750000,0.001756,0,255,0