X,Y,Z,R,G,B
468.823059,-659.454163,0.000100,255,0,0
458.662262,-668.980103,0.000200,255,0,0
529.756470,-733.752014,0.000300,255,0,0
929.601746,-482.533600,0.000400,255,0,0
1392.103760,-335.364410,0.000500,255,0,0
467.061157,-596.292908,0.000600,255,0,0
414.603912,-595.671631,0.000700,255,0,0
400.477051,-571.258484,0.000800,255,0,0
388.480591,-656.278870,0.000900,255,0,0
425.256134,-645.786499,0.001000,255,0,0
451.505798,-639.734985,0.001100,255,0,0
461.368317,-630.600098,0.001200,255,0,0
282.562286,-513.849609,0.001300,255,0,0
362.943390,-538.722961,0.001400,255,0,0
467.352478,-630.370056,0.001500,255,0,0
331.379913,-644.313843,0.001600,255,0,0
359.454651,-649.652100,0.001700,255,0,0
1318.896606,-622.638855,0.001800,255,0,0
1425.130859,-718.082520,0.001900,255,0,0
1425.962524,-711.708923,0.002000,255,0,0
1424.221680,-709.315918,0.002100,255,0,0
446.953613,-604.438293,0.002200,255,0,0
443.868500,-596.707092,0.002300,255,0,0
482.539337,-562.376770,0.002400,255,0,0
450.354584,-419.786499,0.002500,255,0,0
450.112396,-545.763916,0.002600,255,0,0
468.528259,-730.806824,0.002700,255,0,0
472.332855,-717.829407,0.002800,255,0,0
470.883331,-722.661438,0.002900,255,0,0
476.172577,-725.008423,0.003000,255,0,0
477.144775,-712.238098,0.003100,255,0,0
481.230194,-727.861572,0.003200,255,0,0
484.445129,-756.692566,0.003300,255,0,0
497.424316,-762.652039,0.003400,255,0,0
501.593964,-760.236084,0.003500,255,0,0
502.759216,-756.278381,0.003600,255,0,0
513.102539,-522.616272,0.003700,255,0,0
821.300293,-335.847595,0.003800,255,0,0
449.926392,-767.046936,0.003900,255,0,0
452.000671,-742.541687,0.004000,255,0,0
438.996948,-763.388306,0.004100,255,0,0
456.521271,-705.174133,0.004200,255,0,0
456.738892,-721.764038,0.004300,255,0,0
482.181305,-721.142761,0.004400,255,0,0
424.596283,-745.187744,0.004500,255,0,0
470.437561,-692.910034,0.004600,255,0,0
417.636353,-753.908447,0.004700,255,0,0
482.114624,-674.088196,0.004800,255,0,0
450.105408,-576.734802,0.004900,255,0,0
450.084351,-525.492493,0.005000,255,0,0
463.733887,-596.500000,0.005100,255,0,0
449.533325,-603.678955,0.005200,255,0,0
473.754333,-506.785675,0.005300,255,0,0
473.175232,-501.056274,0.005400,255,0,0
470.932465,-514.309814,0.005500,255,0,0
499.775909,-519.924133,0.005600,255,0,0
505.595123,-546.201050,0.005700,255,0,0
502.839935,-523.605652,0.005800,255,0,0
522.691284,-550.089722,0.005900,255,0,0
490.176605,-562.606873,0.006000,255,0,0
489.179810,-559.684692,0.006100,255,0,0
449.470154,-593.715820,0.006200,255,0,0
512.800720,-525.952637,0.006300,255,0,0
513.804443,-534.972412,0.006400,255,0,0
523.747742,-535.915771,0.006500,255,0,0
455.363037,-628.690369,0.006600,255,0,0
451.418060,-621.672424,0.006700,255,0,0
469.310944,-591.207764,0.006800,255,0,0
425.873840,-603.794067,0.006900,255,0,0
423.813599,-568.244263,0.007000,255,0,0
487.881195,-742.242554,0.007100,255,0,0
486.786163,-735.431702,0.007200,255,0,0
490.506531,-699.099670,0.007300,255,0,0
493.030060,-700.434143,0.007400,255,0,0
488.477905,-702.390015,0.007500,255,0,0
467.401642,-665.022461,0.007600,255,0,0
462.775726,-662.514404,0.007700,255,0,0
469.412720,-676.872437,0.007800,255,0,0
457.493500,-615.413818,0.007900,255,0,0
457.805878,-614.378357,0.008000,255,0,0
453.741516,-594.268066,0.008100,255,0,0
456.219421,-614.815613,0.008200,255,0,0
493.633759,-695.924316,0.008300,255,0,0
458.005920,-643.140381,0.008400,255,0,0
458.757019,-640.080078,0.008500,255,0,0
373.297272,-527.080139,0.008600,255,0,0
363.357544,-524.526062,0.008700,255,0,0
357.296143,-518.842712,0.008800,255,0,0
482.669159,-676.113098,0.008900,255,0,0
458.613098,-637.963257,0.009000,255,0,0
439.842804,-607.406555,0.009100,255,0,0
507.858917,-714.331970,0.009200,255,0,0
725.879761,-771.303650,0.009300,255,0,0
730.607422,-768.427429,0.009400,255,0,0
747.054321,-754.897827,0.009500,255,0,0
706.881287,-767.668091,0.009600,255,0,0
559.536987,-748.915344,0.009700,255,0,0
474.105316,-735.316650,0.009800,255,0,0
473.596405,-736.375183,0.009900,255,0,0
473.291046,-737.318542,0.010000,255,0,0
474.628265,-738.123840,0.010100,255,0,0
475.614502,-736.421143,0.010200,255,0,0
475.491699,-737.364502,0.010300,255,0,0
475.818085,-735.109619,0.010400,255,0,0
1328.457275,-622.523804,0.010500,255,0,0
558.852600,-746.844482,0.010600,255,0,0
464.548157,-695.809265,0.010700,255,0,0
428.502686,-704.299805,0.010800,255,0,0
427.751556,-702.113892,0.010900,255,0,0
419.945801,-685.800110,0.011000,255,0,0
406.282227,-667.783569,0.011100,255,0,0
403.197113,-670.636780,0.011200,255,0,0
401.301849,-674.065247,0.011300,255,0,0
408.384583,-680.760986,0.011400,255,0,0
701.398987,-767.829224,0.011500,255,0,0
711.865173,-767.806213,0.011600,255,0,0
586.622009,-745.647949,0.011700,255,0,0
795.910522,-802.573669,0.011800,255,0,0
442.998077,-399.054901,0.011900,255,0,0
920.507874,-712.583191,0.012000,255,0,0
919.328613,-703.057312,0.012100,255,0,0
916.545349,-707.222046,0.012200,255,0,0
945.364197,-685.685059,0.012300,255,0,0
796.882751,-721.119812,0.012400,255,0,0
1356.861938,-601.884216,0.012500,255,0,0
457.497009,-614.194336,0.012600,255,0,0
652.539307,-306.234314,0.012700,255,0,0
1423.017822,-552.781799,0.012800,255,0,0
635.544922,-760.995422,0.012900,255,0,0
798.514771,-722.270264,0.013000,255,0,0
1330.591187,-577.286987,0.013100,255,0,0
457.819916,-610.765930,0.013200,255,0,0
1060.320190,-634.902954,0.013300,255,0,0
1072.951904,-661.432983,0.013400,255,0,0
409.181305,-504.001526,0.013500,255,0,0
1318.370117,-600.986877,0.013600,255,0,0
498.487823,-524.203918,0.013700,255,0,0
494.325195,-524.480042,0.013800,255,0,0
489.994141,-524.503052,0.013900,255,0,0
468.658142,-562.675903,0.014000,255,0,0
391.558655,-730.714783,0.014100,255,0,0
403.133942,-541.852295,0.014200,255,0,0
410.357056,-752.780945,0.014300,255,0,0
449.403442,-577.908264,0.014400,255,0,0
423.441559,-495.441956,0.014500,255,0,0
428.593903,-729.702393,0.014600,255,0,0
406.471741,-660.742676,0.014700,255,0,0
412.540161,-661.479004,0.014800,255,0,0
434.048126,-645.119202,0.014900,255,0,0
549.986877,-573.421387,0.015000,255,0,0
457.826935,-644.774048,0.015100,255,0,0
484.652191,-565.736206,0.015200,255,0,0
901.197021,-409.892426,0.015300,255,0,0
351.087341,-513.918640,0.015400,255,0,0
380.990692,-493.946350,0.015500,255,0,0
378.937469,-503.403259,0.015600,255,0,0
442.324188,-595.050415,0.015700,255,0,0
482.044434,-561.088257,0.015800,255,0,0
348.739288,-507.544983,0.015900,255,0,0
395.100037,-722.201233,0.016000,255,0,0
417.573181,-739.550415,0.016100,255,0,0
468.938904,-543.416931,0.016200,255,0,0
456.444092,-553.242004,0.016300,255,0,0
466.857605,-547.903809,0.016400,255,0,0
472.252136,-549.215332,0.016500,255,0,0
449.968536,-529.058960,0.016600,255,0,0
463.298706,-513.596497,0.016700,255,0,0
471.680054,-421.328156,0.016800,255,0,0
445.837494,-417.071381,0.016900,255,0,0
451.361908,-432.994019,0.017000,255,0,0
417.555664,-484.903595,0.017100,255,0,0
474.930084,-416.289062,0.017200,255,0,0
498.382477,-435.755127,0.017300,255,0,0
555.416504,-496.201263,0.017400,255,0,0
555.297119,-495.925171,0.017500,255,0,0
626.756409,-298.710175,0.017600,255,0,0
646.256775,-309.248535,0.017700,255,0,0
611.130798,-290.219666,0.017800,255,0,0
576.064575,-745.233765,0.017900,255,0,0
817.951965,-435.985229,0.018000,255,0,0
433.282990,-708.211426,0.018100,255,0,0
433.693634,-708.901733,0.018200,255,0,0
422.441284,-699.997009,0.018300,255,0,0
422.055176,-700.204102,0.018400,255,0,0
413.350922,-686.490417,0.018500,255,0,0
412.754272,-687.525818,0.018600,255,0,0
422.918579,-679.909668,0.018700,255,0,0
422.364075,-679.403442,0.018800,255,0,0
420.928558,-573.743469,0.018900,255,0,0
392.436096,-726.227905,0.019000,255,0,0
451.558472,-589.712219,0.019100,255,0,0
371.665192,-406.233856,0.019200,255,0,0
455.836884,-601.170898,0.019300,255,0,0
382.970245,-534.167053,0.019400,255,0,0
389.456329,-518.129395,0.019500,255,0,0
381.004730,-523.766724,0.019600,255,0,0
380.025513,-537.089294,0.019700,255,0,0
378.856750,-536.790161,0.019800,255,0,0
414.649536,-562.514832,0.019900,255,0,0
411.553925,-556.463318,0.020000,255,0,0
418.980621,-560.305969,0.020100,255,0,0
456.008850,-601.861206,0.020200,255,0,0
1387.891968,-741.460266,0.020300,255,0,0
1435.972534,-711.340759,0.020400,255,0,0
1221.675537,-568.796509,0.020500,255,0,0
1160.050781,-611.456177,0.020600,255,0,0
1163.500854,-630.186035,0.020700,255,0,0
1074.871826,-660.351562,0.020800,255,0,0
936.428284,-689.136536,0.020900,255,0,0
947.283997,-767.875183,0.021000,255,0,0
1073.864502,-660.052368,0.021100,255,0,0
399.392517,-499.606689,0.021200,255,0,0
437.263092,-590.103333,0.021300,255,0,0
476.604279,-681.704407,0.021400,255,0,0
478.092407,-681.106140,0.021500,255,0,0
479.148865,-680.692017,0.021600,255,0,0
481.949677,-679.242371,0.021700,255,0,0
448.855896,-607.912781,0.021800,255,0,0
457.651428,-650.411377,0.021900,255,0,0
413.870361,-524.434021,0.022000,255,0,0
468.861694,-675.445801,0.022100,255,0,0
501.056946,-744.290405,0.022200,255,0,0
455.854431,-498.295166,0.022300,255,0,0
492.524658,-754.736816,0.022400,255,0,0
422.272797,-666.149963,0.022500,255,0,0
455.696503,-664.792358,0.022600,255,0,0
634.355103,-311.043304,0.022700,255,0,0
653.490417,-306.878601,0.022800,255,0,0
657.839050,-312.078735,0.022900,255,0,0
1065.956787,-792.311401,0.023000,255,0,0
1129.003174,-768.197388,0.023100,255,0,0
1256.713745,-623.467224,0.023200,255,0,0
1232.590942,-621.212219,0.023300,255,0,0
1237.848633,-610.236694,0.023400,255,0,0
1237.062500,-610.098633,0.023500,255,0,0
1236.978149,-584.811157,0.023600,255,0,0
1296.651489,-610.719849,0.023700,255,0,0
1328.373047,-609.293274,0.023800,255,0,0
1332.970825,-607.866760,0.023900,255,0,0
1329.162720,-593.807861,0.024000,255,0,0
1325.716064,-552.574768,0.024100,255,0,0
1329.032837,-552.620728,0.024200,255,0,0
1330.963257,-552.528748,0.024300,255,0,0
1336.968506,-551.654358,0.024400,255,0,0
1335.743530,-551.953491,0.024500,255,0,0
1333.704468,-581.842896,0.024600,255,0,0
1341.457397,-596.131836,0.024700,255,0,0
1228.259888,-631.704651,0.024800,255,0,0
1229.102173,-630.255005,0.024900,255,0,0
1245.127930,-625.284973,0.025000,255,0,0
1233.752686,-627.747009,0.025100,255,0,0
1226.424316,-577.885254,0.025200,255,0,0
1273.725708,-616.541321,0.025300,255,0,0
1367.243896,-637.894165,0.025400,255,0,0
783.885986,-732.739624,0.025500,255,0,0
874.719177,-673.167908,0.025600,255,0,0
1074.085571,-661.548035,0.025700,255,0,0
863.049194,-699.628845,0.025800,255,0,0
864.312683,-699.973999,0.025900,255,0,0
797.647888,-723.328674,0.026000,255,0,0
469.939178,-652.206177,0.026100,255,0,0
480.889709,-674.525452,0.026200,255,0,0
481.700470,-674.295288,0.026300,255,0,0
560.165222,-753.839355,0.026400,255,0,0
559.091248,-745.555969,0.026500,255,0,0
419.773834,-661.432983,0.026600,255,0,0
456.587952,-632.648010,0.026700,255,0,0
420.117798,-563.274170,0.026800,255,0,0
448.726044,-416.427124,0.026900,255,0,0
450.828400,-473.513855,0.027000,255,0,0
452.249878,-472.731506,0.027100,255,0,0
456.110626,-475.032501,0.027200,255,0,0
457.346069,-473.674927,0.027300,255,0,0
458.953583,-475.101501,0.027400,255,0,0
457.742706,-476.298004,0.027500,255,0,0
351.378662,-513.619507,0.027600,255,0,0
639.935669,-786.029785,0.027700,255,0,0
728.526123,-773.397522,0.027800,255,0,0
735.457947,-774.133789,0.027900,255,0,0
734.071594,-763.687500,0.028000,255,0,0
798.269043,-722.477356,0.028100,255,0,0
899.431641,-695.395081,0.028200,255,0,0
943.289917,-679.610535,0.028300,255,0,0
1064.700439,-654.461060,0.028400,255,0,0
1064.661865,-654.668152,0.028500,255,0,0
1073.780273,-659.845276,0.028600,255,0,0
1074.218872,-659.914368,0.028700,255,0,0
1219.625854,-638.170349,0.028800,255,0,0
1237.367798,-621.925537,0.028900,255,0,0
1236.890503,-621.971558,0.029000,255,0,0
699.580933,-804.046265,0.029100,255,0,0
1321.932617,-616.104187,0.029200,255,0,0
1321.385132,-616.150146,0.029300,255,0,0
1323.877075,-618.428101,0.029400,255,0,0
1385.126221,-588.745789,0.029500,255,0,0
1419.178223,-694.106567,0.029600,255,0,0
1422.358032,-569.808899,0.029700,255,0,0
1083.379395,-600.480652,0.029800,255,0,0
1311.701538,-575.446228,0.029900,255,0,0
577.110474,-744.934692,0.030000,255,0,0
785.777771,-751.561462,0.030100,255,0,0
785.704041,-754.644714,0.030200,255,0,0
781.362427,-754.207520,0.030300,255,0,0
790.708984,-758.073181,0.030400,255,0,0
974.944580,-669.647400,0.030500,255,0,0
975.200867,-668.013733,0.030600,255,0,0
971.519043,-669.463318,0.030700,255,0,0
969.311462,-670.245667,0.030800,255,0,0
968.504211,-671.281067,0.030900,255,0,0
1432.585571,-544.360291,0.031000,255,0,0
1377.896118,-747.994934,0.031100,255,0,0
1293.889404,-753.264160,0.031200,255,0,0
1327.144531,-779.909241,0.031300,255,0,0
1329.061035,-769.831055,0.031400,255,0,0
415.797241,-595.119385,0.031500,255,0,0
456.837158,-525.078308,0.031600,255,0,0
459.767853,-568.313232,0.031700,255,0,0
470.104156,-584.488953,0.031800,255,0,0
515.232971,-719.187012,0.031900,255,0,0
619.150696,-556.233276,0.032000,255,0,0
758.345276,-368.498169,0.032100,255,0,0
707.695557,-416.956360,0.032200,255,0,0
372.862030,-358.696136,0.032300,255,0,0
456.896851,-623.375183,0.032400,255,0,0
460.420654,-625.238953,0.032500,255,0,0
454.906799,-624.226501,0.032600,255,0,0
457.472443,-616.426270,0.032700,255,0,0
462.165009,-631.566589,0.032800,255,0,0
555.332275,-496.776520,0.032900,255,0,0
516.117432,-516.909912,0.033000,255,0,0
630.024048,-292.474579,0.033100,255,0,0
622.400757,-297.605713,0.033200,255,0,0
637.369995,-303.841309,0.033300,255,0,0
449.568420,-604.300232,0.033400,255,0,0
451.021454,-607.567566,0.033500,255,0,0
426.042297,-753.103088,0.033600,255,0,0
429.236206,-762.744080,0.033700,255,0,0
839.358154,-266.657867,0.033800,255,0,0
891.667969,-171.927475,0.033900,255,0,0
461.424469,-723.006592,0.034000,255,0,0
450.719604,-600.342529,0.034100,255,0,0
451.418060,-587.641296,0.034200,255,0,0
453.716949,-584.534973,0.034300,255,0,0
452.449921,-583.177429,0.034400,255,0,0
469.289886,-562.031677,0.034500,255,0,0
459.441437,-579.979126,0.034600,255,0,0
461.252502,-581.520752,0.034700,255,0,0
461.375305,-581.934875,0.034800,255,0,0
461.550812,-582.671265,0.034900,255,0,0
467.457794,-582.625244,0.035000,255,0,0
472.066132,-586.191711,0.035100,255,0,0
471.669525,-586.720886,0.035200,255,0,0
471.290466,-587.227112,0.035300,255,0,0
470.925446,-587.756348,0.035400,255,0,0
470.556915,-588.285583,0.035500,255,0,0
469.489960,-589.597107,0.035600,255,0,0
468.823059,-592.726379,0.035700,255,0,0
467.928101,-599.652283,0.035800,255,0,0
467.405121,-603.011719,0.035900,255,0,0
467.033112,-605.174561,0.036000,255,0,0
466.962891,-608.994141,0.036100,255,0,0
466.741791,-612.675720,0.036200,255,0,0
465.401031,-630.853271,0.036300,255,0,0
464.235779,-620.867126,0.036400,255,0,0
471.687073,-588.607666,0.036500,255,0,0
453.818756,-599.606262,0.036600,255,0,0
529.380920,-731.796265,0.036700,255,0,0
1387.547974,-742.357605,0.036800,255,0,0
1308.925293,-761.708679,0.036900,255,0,0
1244.948975,-625.284973,0.037000,255,0,0
1331.363281,-609.592468,0.037100,255,0,0
1349.930054,-601.170898,0.037200,255,0,0
1345.644775,-602.436462,0.037300,255,0,0
1323.634766,-597.604431,0.037400,255,0,0
1422.814331,-570.223083,0.037500,255,0,0
1267.028931,-727.332336,0.037600,255,0,0
1225.104614,-673.305908,0.037700,255,0,0
1057.379028,-237.527740,0.037800,255,0,0
1056.915649,-277.012146,0.037900,255,0,0
1006.413330,-332.281158,0.038000,255,0,0
989.843689,-350.849884,0.038100,255,0,0
807.243591,-350.458710,0.038200,255,0,0
1016.711060,-238.724243,0.038300,255,0,0
457.370667,-696.246460,0.038400,255,0,0
464.467438,-589.597107,0.038500,255,0,0
773.862000,-394.314911,0.038600,255,0,0
460.290771,-597.121277,0.038700,255,0,0
460.301300,-597.213257,0.038800,255,0,0
460.196014,-606.394043,0.038900,255,0,0
458.476227,-609.546448,0.039000,255,0,0
458.441132,-609.431396,0.039100,255,0,0
461.034882,-619.877686,0.039200,255,0,0
401.143890,-505.934357,0.039300,255,0,0
400.803467,-504.760864,0.039400,255,0,0
402.088013,-505.152008,0.039500,255,0,0
407.103516,-590.057312,0.039600,255,0,0
399.954071,-571.649658,0.039700,255,0,0
388.392853,-558.304077,0.039800,255,0,0
372.311005,-543.946106,0.039900,255,0,0
371.293182,-542.657593,0.040000,255,0,0
339.915680,-529.588196,0.040100,255,0,0
316.621246,-526.343811,0.040200,255,0,0
359.988159,-648.662659,0.040300,255,0,0
1019.834839,-239.414536,0.040400,255,0,0
1031.238037,-232.488647,0.040500,255,0,0
455.591187,-605.588745,0.040600,255,0,0
454.994507,-602.505493,0.040700,255,0,0
452.881653,-601.746155,0.040800,255,0,0
453.050110,-602.275330,0.040900,255,0,0
454.067932,-601.999268,0.041000,255,0,0
453.587097,-602.137329,0.041100,255,0,0
448.947174,-593.347656,0.041200,255,0,0
443.566681,-595.372498,0.041300,255,0,0
448.782196,-593.301636,0.041400,255,0,0
448.757629,-593.393677,0.041500,255,0,0
448.912079,-593.209656,0.041600,255,0,0
448.975250,-593.508728,0.041700,255,0,0
448.859436,-593.485718,0.041800,255,0,0
453.660828,-595.556641,0.041900,255,0,0
453.938080,-594.544128,0.042000,255,0,0
450.010651,-578.230347,0.042100,255,0,0
458.212982,-586.421753,0.042200,255,0,0
434.567596,-755.956299,0.042300,255,0,0
440.172699,-765.942383,0.042400,255,0,0
450.035187,-622.937988,0.042500,255,0,0
452.632446,-630.439087,0.042600,255,0,0
439.642731,-607.498596,0.042700,255,0,0
454.120575,-592.473267,0.042800,255,0,0
425.666779,-603.425842,0.042900,255,0,0
420.037079,-589.274963,0.043000,255,0,0
429.243225,-613.020813,0.043100,255,0,0
456.233490,-614.309387,0.043200,255,0,0
418.099640,-501.585541,0.043300,255,0,0
421.472565,-499.192535,0.043400,255,0,0
429.345032,-496.799530,0.043500,255,0,0
439.951599,-503.449280,0.043600,255,0,0
454.843597,-493.256042,0.043700,255,0,0
440.039307,-485.018646,0.043800,255,0,0
448.301392,-593.117615,0.043900,255,0,0
461.873718,-520.867554,0.044000,255,0,0
449.322723,-714.631104,0.044100,255,0,0
423.402954,-664.631287,0.044200,255,0,0
440.425415,-674.433411,0.044300,255,0,0
432.163391,-666.656189,0.044400,255,0,0
451.860291,-658.648804,0.044500,255,0,0
353.958344,-498.801361,0.044600,255,0,0
358.250793,-487.020447,0.044700,255,0,0
471.223785,-567.715027,0.044800,255,0,0
985.228271,-321.719757,0.044900,255,0,0
479.359436,-668.128784,0.045000,255,0,0
479.678864,-668.635010,0.045100,255,0,0
476.727142,-664.631287,0.045200,255,0,0
473.283997,-656.393860,0.045300,255,0,0
474.277283,-656.969116,0.045400,255,0,0
473.094482,-653.517700,0.045500,255,0,0
473.420898,-653.241577,0.045600,255,0,0
480.507141,-674.962585,0.045700,255,0,0
483.374634,-677.700745,0.045800,255,0,0
459.876648,-619.532532,0.045900,255,0,0
458.191925,-650.480469,0.046000,255,0,0
458.936005,-645.395325,0.046100,255,0,0
460.318878,-659.799255,0.046200,255,0,0
463.309235,-589.781189,0.046300,255,0,0
482.434052,-736.835327,0.046400,255,0,0
452.695618,-622.615845,0.046500,255,0,0
454.724274,-582.579224,0.046600,255,0,0
457.416290,-608.464966,0.046700,255,0,0
455.331451,-597.259277,0.046800,255,0,0
452.456970,-595.280457,0.046900,255,0,0
438.495026,-589.689148,0.047000,255,0,0
508.715271,-713.641724,0.047100,255,0,0
416.506226,-595.809692,0.047200,255,0,0
1429.251221,-714.470032,0.047300,255,0,0
1422.403687,-704.967041,0.047400,255,0,0
450.824890,-622.224670,0.047500,255,0,0
450.277374,-619.003357,0.047600,255,0,0
457.226746,-614.424438,0.047700,255,0,0
457.567200,-614.585449,0.047800,255,0,0
457.465424,-614.585449,0.047900,255,0,0
418.324310,-555.036743,0.048000,255,0,0
444.307220,-568.359253,0.048100,255,0,0
1062.759521,-255.981430,0.048200,255,0,0
443.352600,-571.143494,0.048300,255,0,0
421.125092,-756.163391,0.048400,255,0,0
436.389160,-609.408325,0.048500,255,0,0
362.251953,-501.953674,0.048600,255,0,0
429.436279,-685.385925,0.048700,255,0,0
557.059082,-744.520569,0.048800,255,0,0
377.161530,-651.538879,0.048900,255,0,0
556.985352,-745.555969,0.049000,255,0,0
379.162109,-534.995422,0.049100,255,0,0
453.895966,-699.306763,0.049200,255,0,0
503.731384,-712.560242,0.049300,255,0,0
1309.153442,-761.455566,0.049400,255,0,0
1267.074585,-727.148315,0.049500,255,0,0
1305.727783,-760.627197,0.049600,255,0,0
1228.077393,-672.477539,0.049700,255,0,0
1227.610596,-672.684631,0.049800,255,0,0
418.155823,-666.725159,0.049900,255,0,0
458.170868,-633.476379,0.050000,255,0,0
428.488617,-612.169495,0.050100,255,0,0
456.370361,-618.451111,0.050200,255,0,0
1085.969727,-180.533051,0.050300,255,0,0
282.313110,-514.286804,0.050400,255,0,0
484.311798,-724.916382,0.050500,255,0,0
439.590088,-587.963440,0.050600,255,0,0
670.579590,-254.462784,0.050700,255,0,0
719.551636,-414.632355,0.050800,255,0,0
719.379639,-414.126160,0.050900,255,0,0
672.134399,-252.184845,0.051000,255,0,0
738.750122,-398.916840,0.051100,255,0,0
629.395752,-293.694092,0.051200,255,0,0
527.120605,-732.118347,0.051300,255,0,0
669.853088,-175.977158,0.051400,255,0,0
670.018066,-173.883286,0.051500,255,0,0
1016.556702,-165.461792,0.051600,255,0,0
1017.047974,-166.152084,0.051700,255,0,0
419.408813,-515.667358,0.051800,255,0,0
455.036652,-498.042053,0.051900,255,0,0
453.488831,-523.398560,0.052000,255,0,0
445.584778,-607.153442,0.052100,255,0,0
1361.178955,-548.340942,0.052200,255,0,0
1360.905151,-548.294922,0.052300,255,0,0
1374.288086,-547.443604,0.052400,255,0,0
1413.780151,-537.733582,0.052500,255,0,0
1361.161377,-548.340942,0.052600,255,0,0
1354.071655,-549.514465,0.052700,255,0,0
1407.399292,-539.275208,0.052800,255,0,0
1354.148804,-549.514465,0.052900,255,0,0
1407.255493,-539.482300,0.053000,255,0,0
1427.885986,-533.062622,0.053100,255,0,0
991.187866,-306.671509,0.053200,255,0,0
995.543640,-243.602264,0.053300,255,0,0
1005.037537,-244.200516,0.053400,255,0,0
431.886078,-706.071594,0.053500,255,0,0
429.071259,-685.086792,0.053600,255,0,0
442.285583,-696.660645,0.053700,255,0,0
406.376984,-674.295288,0.053800,255,0,0
448.905060,-623.950378,0.053900,255,0,0
549.906128,-498.479248,0.054000,255,0,0
552.882446,-498.157074,0.054100,255,0,0
864.144226,-300.297821,0.054200,255,0,0
451.898895,-627.447876,0.054300,255,0,0
451.228516,-626.136292,0.054400,255,0,0
939.186951,-269.580078,0.054500,255,0,0
814.421143,-347.858612,0.054600,255,0,0
983.603333,-229.244293,0.054700,255,0,0
815.337158,-345.235504,0.054800,255,0,0
890.541321,-300.642975,0.054900,255,0,0
939.990723,-275.953735,0.055000,255,0,0
1011.678101,-212.953537,0.055100,255,0,0
990.545654,-218.820969,0.055200,255,0,0
890.748413,-300.573975,0.055300,255,0,0
939.622192,-268.130463,0.055400,255,0,0
757.608215,-369.832764,0.055500,255,0,0
895.212891,-301.057159,0.055600,255,0,0
913.607666,-294.844574,0.055700,255,0,0
441.713501,-568.474304,0.055800,255,0,0
452.000671,-422.639709,0.055900,255,0,0
443.682495,-530.048340,0.056000,255,0,0
455.236694,-497.927002,0.056100,255,0,0
374.764343,-521.005554,0.056200,255,0,0
446.848328,-602.827637,0.056300,255,0,0
444.784546,-529.427063,0.056400,255,0,0
449.238495,-273.836853,0.056500,255,0,0
449.449097,-273.307617,0.056600,255,0,0
352.670258,-531.106812,0.056700,255,0,0
357.917389,-523.099487,0.056800,255,0,0
357.362823,-522.593262,0.056900,255,0,0
353.361694,-525.262390,0.057000,255,0,0
346.124512,-518.819702,0.057100,255,0,0
539.724243,-507.314880,0.057200,255,0,0
541.310669,-502.759033,0.057300,255,0,0
1016.149536,-168.522049,0.057400,255,0,0
474.326416,-734.235229,0.057500,255,0,0
459.062378,-591.000671,0.057600,255,0,0
462.322968,-587.112122,0.057700,255,0,0
461.424469,-595.211426,0.057800,255,0,0
447.694183,-606.808228,0.057900,255,0,0
453.176453,-601.308960,0.058000,255,0,0
442.159241,-718.243591,0.058100,255,0,0
432.682831,-496.914581,0.058200,255,0,0
548.649597,-379.082581,0.058300,255,0,0
411.322266,-489.183350,0.058400,255,0,0
439.821747,-583.867676,0.058500,255,0,0
451.660217,-599.560242,0.058600,255,0,0
467.250702,-637.963257,0.058700,255,0,0
466.892700,-638.607483,0.058800,255,0,0
378.172363,-647.374146,0.058900,255,0,0
461.238434,-631.934692,0.059000,255,0,0
461.494659,-631.589539,0.059100,255,0,0
267.821198,-482.395538,0.059200,255,0,0
302.392548,-430.877106,0.059300,255,0,0
606.873474,-284.444244,0.059400,255,0,0
508.220459,-711.041626,0.059500,255,0,0
456.623077,-620.775085,0.059600,255,0,0
383.057953,-531.843079,0.059700,255,0,0
382.780701,-530.991760,0.059800,255,0,0
440.025299,-403.219635,0.059900,255,0,0
381.499603,-653.287537,0.060000,255,0,0
310.019318,-471.765106,0.060100,255,0,0
298.240509,-426.735413,0.060200,255,0,0
291.807068,-496.270325,0.060300,255,0,0
693.021118,-152.944595,0.060400,255,0,0
715.550476,-137.919327,0.060500,255,0,0
679.196106,-138.425552,0.060600,255,0,0
721.288940,-169.005249,0.060700,255,0,0
1165.750610,-586.421753,0.060800,255,0,0
549.671021,-577.701172,0.060900,255,0,0
447.413391,-589.252014,0.061000,255,0,0
524.077637,-576.734802,0.061100,255,0,0
519.251709,-567.300842,0.061200,255,0,0
518.816467,-567.300842,0.061300,255,0,0
516.822937,-568.221191,0.061400,255,0,0
524.747986,-575.952454,0.061500,255,0,0
520.838135,-567.415894,0.061600,255,0,0
817.200867,-342.359314,0.061700,255,0,0
849.810303,-653.885864,0.061800,255,0,0
361.879913,-510.582275,0.061900,255,0,0
449.666656,-542.151428,0.062000,255,0,0
618.143433,-555.174805,0.062100,255,0,0
617.511658,-554.875732,0.062200,255,0,0
399.739990,-663.043701,0.062300,255,0,0
492.924774,-731.681213,0.062400,255,0,0
636.762756,-761.409485,0.062500,255,0,0
484.441620,-436.744568,0.062600,255,0,0
815.621460,-440.057922,0.062700,255,0,0
463.168823,-607.935730,0.062800,255,0,0
437.856232,-587.641296,0.062900,255,0,0
602.517822,-745.601929,0.063000,255,0,0
602.724915,-745.671021,0.063100,255,0,0
609.421570,-743.278015,0.063200,255,0,0
605.055420,-742.035461,0.063300,255,0,0
448.420685,-576.021484,0.063400,255,0,0
447.666077,-573.927612,0.063500,255,0,0
447.058899,-571.580627,0.063600,255,0,0
494.093506,-429.404510,0.063700,255,0,0
494.240967,-429.174408,0.063800,255,0,0
481.995331,-560.536011,0.063900,255,0,0
482.023376,-561.709534,0.064000,255,0,0
449.101624,-593.370728,0.064100,255,0,0
443.117401,-593.347656,0.064200,255,0,0
442.232941,-590.747559,0.064300,255,0,0
412.305023,-571.028381,0.064400,255,0,0
461.708740,-632.187805,0.064500,255,0,0
472.617157,-584.926208,0.064600,255,0,0
455.054199,-616.403259,0.064700,255,0,0
458.771057,-597.259277,0.064800,255,0,0
476.056732,-590.816650,0.064900,255,0,0
1075.345581,-661.524963,0.065000,255,0,0
438.414307,-586.076660,0.065100,255,0,0
442.850677,-591.737000,0.065200,255,0,0
449.673706,-623.812317,0.065300,255,0,0
453.123810,-599.790344,0.065400,255,0,0
456.970551,-605.588745,0.065500,255,0,0
546.080444,-576.941895,0.065600,255,0,0
542.086304,-563.642334,0.065700,255,0,0
457.332062,-476.298004,0.065800,255,0,0
456.187836,-475.423676,0.065900,255,0,0
458.928986,-474.733368,0.066000,255,0,0
457.784821,-473.674927,0.066100,255,0,0
442.218903,-580.968506,0.066200,255,0,0
441.874939,-582.832336,0.066300,255,0,0
441.829315,-582.441101,0.066400,255,0,0
441.990753,-581.957947,0.066500,255,0,0
443.377136,-569.992920,0.066600,255,0,0
463.930420,-601.953247,0.066700,255,0,0
457.809357,-643.738586,0.066800,255,0,0
441.281799,-594.037903,0.066900,255,0,0
369.243439,-523.007446,0.067000,255,0,0
448.785736,-714.285950,0.067100,255,0,0
448.511963,-714.285950,0.067200,255,0,0
538.309814,-738.906189,0.067300,255,0,0
433.405823,-585.432373,0.067400,255,0,0
559.803711,-745.717041,0.067500,255,0,0
448.361023,-510.191101,0.067600,255,0,0
449.628052,-544.360291,0.067700,255,0,0
446.549988,-538.101685,0.067800,255,0,0
440.867645,-536.514038,0.067900,255,0,0
430.548889,-525.377441,0.068000,255,0,0
1009.196655,-231.062073,0.068100,255,0,0
388.761383,-656.416870,0.068200,255,0,0
387.943573,-655.657593,0.068300,255,0,0
1055.301147,-277.058167,0.068400,255,0,0
435.206360,-723.765930,0.068500,255,0,0
434.283295,-723.926941,0.068600,255,0,0
445.026733,-654.115906,0.068700,255,0,0
456.286133,-651.745972,0.068800,255,0,0
447.620453,-589.436035,0.068900,255,0,0
381.506653,-531.359924,0.069000,255,0,0
379.941284,-534.535217,0.069100,255,0,0
429.699493,-525.722534,0.069200,255,0,0
445.247833,-718.818848,0.069300,255,0,0
459.894196,-645.165222,0.069400,255,0,0
457.086365,-615.459839,0.069500,255,0,0
469.511017,-589.505127,0.069600,255,0,0
469.879517,-589.274963,0.069700,255,0,0
469.897064,-589.205933,0.069800,255,0,0
458.058563,-594.130005,0.069900,255,0,0
357.039917,-521.074646,0.070000,255,0,0
382.317413,-534.397156,0.070100,255,0,0
381.001221,-533.453796,0.070200,255,0,0
382.278778,-532.395325,0.070300,255,0,0
384.518066,-532.096191,0.070400,255,0,0
382.945648,-531.612976,0.070500,255,0,0
474.087769,-568.566345,0.070600,255,0,0
480.019287,-567.738037,0.070700,255,0,0
1048.358765,-799.490417,0.070800,255,0,0
471.062347,-651.285767,0.070900,255,0,0
548.305664,-578.805603,0.071000,255,0,0
462.789764,-571.971741,0.071100,255,0,0
467.152435,-570.591187,0.071200,255,0,0
467.563080,-570.545166,0.071300,255,0,0
468.668671,-570.338074,0.071400,255,0,0
469.451324,-570.177063,0.071500,255,0,0
470.928955,-569.532776,0.071600,255,0,0
472.431122,-569.233643,0.071700,255,0,0
473.719238,-569.003540,0.071800,255,0,0
475.533813,-568.658386,0.071900,255,0,0
479.208527,-567.968140,0.072000,255,0,0
480.994995,-567.622986,0.072100,255,0,0
494.893738,-551.102112,0.072200,255,0,0
510.807159,-544.843506,0.072300,255,0,0
458.570984,-627.815979,0.072400,255,0,0
1218.976440,-639.504822,0.072500,255,0,0
632.628235,-760.236084,0.072600,255,0,0
630.332825,-760.121033,0.072700,255,0,0
383.380890,-530.853699,0.072800,255,0,0
448.743622,-607.268433,0.072900,255,0,0
450.747711,-605.197571,0.073000,255,0,0
381.513672,-541.369080,0.073100,255,0,0
378.804108,-536.721130,0.073200,255,0,0
380.730957,-535.961792,0.073300,255,0,0
381.759338,-531.981140,0.073400,255,0,0
378.344330,-527.402283,0.073500,255,0,0
394.415649,-678.690186,0.073600,255,0,0
381.088959,-535.478577,0.073700,255,0,0
383.114105,-535.018433,0.073800,255,0,0
383.012360,-534.972412,0.073900,255,0,0
419.187683,-667.576477,0.074000,255,0,0
403.534058,-661.363953,0.074100,255,0,0
401.200043,-659.615234,0.074200,255,0,0
403.228699,-659.500183,0.074300,255,0,0
442.980530,-656.416870,0.074400,255,0,0
443.187622,-656.140747,0.074500,255,0,0
451.983154,-637.479980,0.074600,255,0,0
381.127594,-533.476807,0.074700,255,0,0
382.882477,-534.926392,0.074800,255,0,0
384.988342,-533.568787,0.074900,255,0,0
385.072571,-533.430786,0.075000,255,0,0
386.413330,-531.589966,0.075100,255,0,0
387.329376,-530.140381,0.075200,255,0,0
385.114685,-524.572083,0.075300,255,0,0
379.520111,-534.857361,0.075400,255,0,0
386.574768,-534.282104,0.075500,255,0,0
386.666016,-534.167053,0.075600,255,0,0
386.188690,-534.052002,0.075700,255,0,0
386.764282,-534.028992,0.075800,255,0,0
386.143097,-533.936951,0.075900,255,0,0
386.150085,-533.775879,0.076000,255,0,0
386.258911,-533.706909,0.076100,255,0,0
386.736237,-533.683899,0.076200,255,0,0
386.402802,-533.660889,0.076300,255,0,0
386.637939,-533.660889,0.076400,255,0,0
386.543213,-533.660889,0.076500,255,0,0
388.354218,-527.218201,0.076600,255,0,0
376.234924,-523.398560,0.076700,255,0,0
389.410675,-527.241211,0.076800,255,0,0
389.652832,-526.481873,0.076900,255,0,0
343.267548,-483.431000,0.077000,255,0,0
456.454620,-643.761658,0.077100,255,0,0
454.180267,-642.219971,0.077200,255,0,0
454.039886,-642.127991,0.077300,255,0,0
450.744171,-538.699951,0.077400,255,0,0
451.681274,-537.204346,0.077500,255,0,0
1047.579712,-639.596924,0.077600,255,0,0
1043.438110,-625.446045,0.077700,255,0,0
257.562073,-518.451538,0.077800,255,0,0
734.212036,-763.595398,0.077900,255,0,0
452.063843,-645.464294,0.078000,255,0,0
449.385895,-604.208130,0.078100,255,0,0
415.316406,-595.372498,0.078200,255,0,0
454.138153,-420.499786,0.078300,255,0,0
453.780151,-420.039642,0.078400,255,0,0
459.501099,-419.303345,0.078500,255,0,0
1215.603516,-785.017334,0.078600,255,0,0
1199.132202,-760.627197,0.078700,255,0,0
1210.061646,-773.788696,0.078800,255,0,0
484.908417,-428.553162,0.078900,255,0,0
485.217316,-427.471710,0.079000,255,0,0
467.717529,-439.390686,0.079100,255,0,0
480.514191,-403.173615,0.079200,255,0,0
477.309753,-392.451141,0.079300,255,0,0
512.116272,-717.691345,0.079400,255,0,0
425.494781,-646.384705,0.079500,255,0,0
466.095978,-634.304749,0.079600,255,0,0
466.278473,-633.729431,0.079700,255,0,0
465.695862,-632.786072,0.079800,255,0,0
466.496094,-619.555603,0.079900,255,0,0
466.948853,-619.026367,0.080000,255,0,0
466.685638,-615.643982,0.080100,255,0,0
466.752319,-612.123474,0.080200,255,0,0
466.973419,-608.096802,0.080300,255,0,0
467.987762,-598.432800,0.080400,255,0,0
468.514221,-595.533569,0.080500,255,0,0
315.691132,-497.973022,0.080600,255,0,0
345.331268,-486.215118,0.080700,255,0,0
332.025696,-485.800964,0.080800,255,0,0
400.368225,-503.104156,0.080900,255,0,0
796.861694,-713.848816,0.081000,255,0,0
297.538544,-427.793854,0.081100,255,0,0
381.717224,-531.912170,0.081200,255,0,0
831.194397,-460.605469,0.081300,255,0,0
744.604431,-389.851074,0.081400,255,0,0
760.784546,-368.337128,0.081500,255,0,0
383.240479,-534.834351,0.081600,255,0,0
1166.431519,-586.283752,0.081700,255,0,0
1174.360107,-581.865906,0.081800,255,0,0
1175.090210,-581.566772,0.081900,255,0,0
1182.955566,-577.793213,0.082000,255,0,0
1183.636475,-577.655151,0.082100,255,0,0
1189.904907,-575.147095,0.082200,255,0,0
1190.484131,-575.009094,0.082300,255,0,0
405.773315,-502.966095,0.082400,255,0,0
1016.145996,-192.889191,0.082500,255,0,0
1393.504150,-751.055237,0.082600,255,0,0
1252.161499,-689.826782,0.082700,255,0,0
1252.656494,-689.527649,0.082800,255,0,0
1251.901855,-689.412598,0.082900,255,0,0
1251.596436,-689.228577,0.083000,255,0,0
1253.860229,-688.814392,0.083100,255,0,0
1251.291138,-688.515259,0.083200,255,0,0
1254.958862,-688.124023,0.083300,255,0,0
1250.585693,-687.456848,0.083400,255,0,0
1250.339966,-687.065613,0.083500,255,0,0
1250.799805,-686.789551,0.083600,255,0,0
1248.556885,-685.892151,0.083700,255,0,0
1253.130249,-685.408936,0.083800,255,0,0
458.771057,-642.265991,0.083900,255,0,0
403.228699,-494.498566,0.084000,255,0,0
427.611176,-447.513031,0.084100,255,0,0
421.033875,-681.359253,0.084200,255,0,0
441.994293,-724.778320,0.084300,255,0,0
429.081787,-685.731140,0.084400,255,0,0
448.704987,-624.065430,0.084500,255,0,0
467.412170,-597.466370,0.084600,255,0,0
472.283722,-585.938599,0.084700,255,0,0
414.112549,-594.705200,0.084800,255,0,0
414.719757,-594.383118,0.084900,255,0,0
468.422943,-559.799744,0.085000,255,0,0
514.548584,-555.957092,0.085100,255,0,0
529.075562,-544.360291,0.085200,255,0,0
452.372742,-600.434631,0.085300,255,0,0
620.186035,-293.487000,0.085400,255,0,0
619.936890,-293.901184,0.085500,255,0,0
621.147766,-294.039246,0.085600,255,0,0
620.856445,-293.348969,0.085700,255,0,0
621.354858,-292.129456,0.085800,255,0,0
617.876648,-301.655396,0.085900,255,0,0
481.402130,-565.805237,0.086000,255,0,0
483.020142,-564.516663,0.086100,255,0,0
481.928619,-707.636169,0.086200,255,0,0
482.760437,-707.106934,0.086300,255,0,0
431.194672,-686.674500,0.086400,255,0,0
627.798767,-294.683502,0.086500,255,0,0
499.530212,-755.588135,0.086600,255,0,0
863.200073,-699.651855,0.086700,255,0,0
1074.324219,-660.673645,0.086800,255,0,0
1074.187256,-660.558594,0.086900,255,0,0
432.644196,-501.608551,0.087000,255,0,0
434.149902,-577.056885,0.087100,255,0,0
448.203094,-643.416504,0.087200,255,0,0
409.349792,-503.771454,0.087300,255,0,0
449.361328,-542.864685,0.087400,255,0,0
380.671326,-539.873413,0.087500,255,0,0
1064.493408,-641.138550,0.087600,255,0,0
425.031494,-740.217712,0.087700,255,0,0
447.185272,-700.434143,0.087800,255,0,0
451.147827,-695.993347,0.087900,255,0,0
456.679230,-665.620728,0.088000,255,0,0
457.328552,-664.792358,0.088100,255,0,0
448.501434,-731.290039,0.088200,255,0,0
445.163605,-729.081116,0.088300,255,0,0
425.929993,-679.495483,0.088400,255,0,0
453.092224,-652.321167,0.088500,255,0,0
453.011505,-651.791992,0.088600,255,0,0
440.635986,-647.880371,0.088700,255,0,0
440.993988,-647.259094,0.088800,255,0,0
451.881348,-625.400024,0.088900,255,0,0
452.274445,-623.191040,0.089000,255,0,0
444.788086,-569.141602,0.089100,255,0,0
433.735779,-564.516663,0.089200,255,0,0
468.840637,-562.123718,0.089300,255,0,0
468.847656,-560.766174,0.089400,255,0,0
482.262024,-560.950195,0.089500,255,0,0
406.580536,-551.470215,0.089600,255,0,0
408.367035,-551.332214,0.089700,255,0,0
449.571899,-550.181763,0.089800,255,0,0
450.182617,-551.056091,0.089900,255,0,0
498.533417,-550.365784,0.090000,255,0,0
484.150330,-547.121460,0.090100,255,0,0
452.077911,-545.763916,0.090200,255,0,0
484.718903,-538.930054,0.090300,255,0,0
491.289185,-533.890991,0.090400,255,0,0
502.232727,-531.820068,0.090500,255,0,0
502.720581,-531.336914,0.090600,255,0,0
440.365723,-523.674744,0.090700,255,0,0
438.758270,-521.028625,0.090800,255,0,0
420.703918,-517.485107,0.090900,255,0,0
420.419617,-516.104553,0.091000,255,0,0
407.250916,-502.782043,0.091100,255,0,0
436.522522,-696.867737,0.091200,255,0,0
454.303101,-561.571472,0.091300,255,0,0
391.642914,-682.555786,0.091400,255,0,0
466.910248,-507.406952,0.091500,255,0,0
468.258026,-505.082977,0.091600,255,0,0
626.865173,-291.186066,0.091700,255,0,0
671.162231,-298.019897,0.091800,255,0,0
586.102600,-279.888367,0.091900,255,0,0
636.267944,-303.335114,0.092000,255,0,0
451.095184,-625.561096,0.092100,255,0,0
635.650146,-304.393524,0.092200,255,0,0
611.046570,-290.081573,0.092300,255,0,0
595.750977,-288.309875,0.092400,255,0,0
623.566040,-291.324097,0.092500,255,0,0
453.927551,-581.359680,0.092600,255,0,0
472.697906,-584.995178,0.092700,255,0,0
482.090088,-565.252991,0.092800,255,0,0
422.865936,-761.777710,0.092900,255,0,0
435.420471,-761.501587,0.093000,255,0,0
439.070648,-761.179443,0.093100,255,0,0
444.728394,-570.361145,0.093200,255,0,0
447.276520,-564.769775,0.093300,255,0,0
450.312469,-560.927246,0.093400,255,0,0
464.400757,-557.728821,0.093500,255,0,0
454.917328,-556.486389,0.093600,255,0,0
447.301086,-605.289612,0.093700,255,0,0
447.602905,-604.185181,0.093800,255,0,0
439.755035,-592.680359,0.093900,255,0,0
438.884613,-591.092712,0.094000,255,0,0
439.270691,-590.931702,0.094100,255,0,0
438.105438,-590.793579,0.094200,255,0,0
438.003632,-590.310425,0.094300,255,0,0
437.772003,-589.597107,0.094400,255,0,0
443.212158,-583.568604,0.094500,255,0,0
501.706238,-566.932678,0.094600,255,0,0
457.746185,-619.210388,0.094700,255,0,0
459.279999,-638.814575,0.094800,255,0,0
457.514557,-633.867493,0.094900,255,0,0
457.823425,-633.200195,0.095000,255,0,0
457.497009,-632.763062,0.095100,255,0,0
457.963806,-637.180908,0.095200,255,0,0
463.130219,-568.152161,0.095300,255,0,0
459.620422,-568.106140,0.095400,255,0,0
448.185547,-588.998901,0.095500,255,0,0
448.862946,-588.722778,0.095600,255,0,0
449.596497,-599.307190,0.095700,255,0,0
635.587036,-304.347534,0.095800,255,0,0
669.695068,-285.203552,0.095900,255,0,0
657.070435,-311.825623,0.096000,255,0,0
691.743591,-272.916443,0.096100,255,0,0
633.368835,-303.427124,0.096200,255,0,0
442.306641,-584.258911,0.096300,255,0,0
442.324188,-583.683655,0.096400,255,0,0
457.676025,-581.520752,0.096500,255,0,0
450.859985,-509.109650,0.096600,255,0,0
452.200714,-505.819275,0.096700,255,0,0
440.720245,-522.731323,0.096800,255,0,0
436.898102,-532.464355,0.096900,255,0,0
435.820557,-532.119202,0.097000,255,0,0
457.268860,-523.950806,0.097100,255,0,0
458.774567,-523.444641,0.097200,255,0,0
457.847992,-668.496887,0.097300,255,0,0
405.194183,-528.943909,0.097400,255,0,0
408.440735,-523.605652,0.097500,255,0,0
741.698364,-224.297256,0.097600,255,0,0
411.757477,-535.961792,0.097700,255,0,0
414.979492,-538.976074,0.097800,255,0,0
464.123474,-620.360901,0.097900,255,0,0
381.987488,-534.420166,0.098000,255,0,0
518.686584,-514.355835,0.098100,255,0,0
1057.737061,-238.056961,0.098200,255,0,0
457.430298,-613.711182,0.098300,255,0,0
447.845093,-713.871765,0.098400,255,0,0
447.006256,-713.618652,0.098500,255,0,0
446.128815,-713.388611,0.098600,255,0,0
445.181183,-713.158447,0.098700,255,0,0
444.377441,-712.951355,0.098800,255,0,0
443.475403,-712.583191,0.098900,255,0,0
448.782196,-710.972534,0.099000,255,0,0
447.929321,-710.719482,0.099100,255,0,0
447.062408,-710.489380,0.099200,255,0,0
446.097229,-710.190247,0.099300,255,0,0
445.300507,-709.960144,0.099400,255,0,0
444.391479,-709.684082,0.099500,255,0,0
455.334991,-633.890564,0.099600,255,0,0
448.403137,-624.525635,0.099700,255,0,0
407.724762,-590.494507,0.099800,255,0,0
407.538727,-589.965271,0.099900,255,0,0
546.105042,-468.566803,0.100000,255,0,0
559.544006,-549.882629,0.100100,255,0,0
397.932434,-499.905823,0.100200,255,0,0
586.007751,-279.842346,0.100300,255,0,0
446.841278,-698.225281,0.100400,255,0,0
470.907898,-744.773682,0.100500,255,0,0
428.551788,-687.617859,0.100600,255,0,0
448.624268,-589.343994,0.100700,255,0,0
449.199890,-596.937134,0.100800,255,0,0
454.625977,-619.785645,0.100900,255,0,0
453.983704,-624.157471,0.101000,255,0,0
456.437042,-621.994568,0.101100,255,0,0
459.694122,-627.747009,0.101200,255,0,0
397.107635,-733.360901,0.101300,255,0,0
407.959900,-743.715149,0.101400,255,0,0
475.800537,-706.439697,0.101500,255,0,0
455.815826,-556.486389,0.101600,255,0,0
525.186707,-548.248962,0.101700,255,0,0
444.661743,-573.306335,0.101800,255,0,0
489.657166,-736.076050,0.101900,255,0,0
494.676178,-732.670532,0.102000,255,0,0
498.119263,-739.228333,0.102100,255,0,0
498.586060,-738.054871,0.102200,255,0,0
440.815002,-545.119629,0.102300,255,0,0
550.106201,-740.954041,0.102400,255,0,0
524.435608,-725.468567,0.102500,255,0,0
434.883484,-610.604858,0.102600,255,0,0
488.197113,-748.547180,0.102700,255,0,0
488.863953,-748.156006,0.102800,255,0,0
496.536377,-742.426697,0.102900,255,0,0
353.158112,-680.047729,0.103000,255,0,0
504.994934,-711.593811,0.103100,255,0,0
579.686707,-743.738220,0.103200,255,0,0
474.979248,-706.416687,0.103300,255,0,0
447.897736,-622.293701,0.103400,255,0,0
478.829468,-680.093689,0.103500,255,0,0
466.745270,-665.827820,0.103600,255,0,0
682.853271,-700.986450,0.103700,255,0,0
864.316223,-804.230286,0.103800,255,0,0
479.742035,-680.461853,0.103900,255,0,0
481.398651,-679.794617,0.104000,255,0,0
428.471100,-662.905579,0.104100,255,0,0
442.766449,-657.958557,0.104200,255,0,0
447.497620,-592.979492,0.104300,255,0,0
444.921448,-596.753113,0.104400,255,0,0
507.265778,-543.946106,0.104500,255,0,0
507.255249,-542.979736,0.104600,255,0,0
430.762970,-561.594421,0.104700,255,0,0
477.057037,-669.992554,0.104800,255,0,0
939.801147,-670.774902,0.104900,255,0,0
997.937256,-247.260788,0.105000,255,0,0
459.852081,-581.635803,0.105100,255,0,0
452.597351,-584.949158,0.105200,255,0,0
435.483643,-583.269470,0.105300,255,0,0
823.855408,-183.892456,0.105400,255,0,0
775.371277,-255.130066,0.105500,255,0,0
796.138611,-245.857208,0.105600,255,0,0
1083.081055,-189.230667,0.105700,255,0,0
646.488403,-309.271576,0.105800,255,0,0
620.351013,-294.246307,0.105900,255,0,0
399.838257,-571.465576,0.106000,255,0,0
458.255096,-623.490173,0.106100,255,0,0
453.643250,-643.646606,0.106200,255,0,0
457.458405,-615.851074,0.106300,255,0,0
1015.738892,-187.205826,0.106400,255,0,0
404.228973,-569.118591,0.106500,255,0,0
469.019623,-588.170532,0.106600,255,0,0
465.029022,-606.417114,0.106700,255,0,0
465.723938,-597.282349,0.106800,255,0,0
626.545837,-295.764954,0.106900,255,0,0
998.990234,-246.915649,0.107000,255,0,0
1055.631104,-234.398438,0.107100,255,0,0
977.071594,-231.568268,0.107200,255,0,0
977.822693,-231.131088,0.107300,255,0,0
411.557434,-574.111633,0.107400,255,0,0
442.633057,-607.199463,0.107500,255,0,0
448.189056,-603.241760,0.107600,255,0,0
474.989777,-659.109009,0.107700,255,0,0
426.796906,-612.008423,0.107800,255,0,0
427.453247,-611.663269,0.107900,255,0,0
459.623932,-568.267212,0.108000,255,0,0
459.820496,-568.244263,0.108100,255,0,0
460.504913,-567.807068,0.108200,255,0,0
1030.746704,-230.647888,0.108300,255,0,0
457.107422,-614.585449,0.108400,255,0,0
379.846527,-516.702820,0.108500,255,0,0
433.100494,-594.244995,0.108600,255,0,0
451.446136,-626.596497,0.108700,255,0,0
451.670746,-626.987671,0.108800,255,0,0
452.393799,-628.368225,0.108900,255,0,0
452.699127,-628.851440,0.109000,255,0,0
452.962372,-629.288574,0.109100,255,0,0
594.954224,-744.727600,0.109200,255,0,0
586.495605,-482.625641,0.109300,255,0,0
585.769165,-482.211487,0.109400,255,0,0
512.109253,-526.320801,0.109500,255,0,0
999.593933,-230.877975,0.109600,255,0,0
493.682892,-431.705475,0.109700,255,0,0
516.475403,-720.613586,0.109800,255,0,0
360.391785,-523.007446,0.109900,255,0,0
453.397583,-423.583099,0.110000,255,0,0
470.265594,-284.743378,0.110100,255,0,0
468.524750,-282.672516,0.110200,255,0,0
530.093445,-508.488373,0.110300,255,0,0
939.141296,-265.323303,0.110400,255,0,0
1322.353760,-604.438293,0.110500,255,0,0
453.029053,-421.995453,0.110600,255,0,0
452.790375,-421.420197,0.110700,255,0,0
434.230652,-722.431335,0.110800,255,0,0
442.885773,-720.452515,0.110900,255,0,0
440.867645,-719.371033,0.111000,255,0,0
1077.591797,-233.155930,0.111100,255,0,0
583.266663,-766.241516,0.111200,255,0,0
464.200684,-589.574097,0.111300,255,0,0
1111.622681,-777.033020,0.111400,255,0,0
1111.517334,-776.710938,0.111500,255,0,0
1125.753174,-771.027527,0.111600,255,0,0
1006.251953,-223.261810,0.111700,255,0,0
465.860840,-620.337891,0.111800,255,0,0
456.707306,-610.880920,0.111900,255,0,0
484.371399,-565.805237,0.112000,255,0,0
448.922607,-603.034729,0.112100,255,0,0
397.058502,-683.384155,0.112200,255,0,0
463.800568,-618.888306,0.112300,255,0,0
297.485901,-519.003784,0.112400,255,0,0
439.762054,-672.569580,0.112500,255,0,0
450.673981,-668.865051,0.112600,255,0,0
455.745605,-622.339722,0.112700,255,0,0
456.293152,-617.415710,0.112800,255,0,0
469.946228,-585.317322,0.112900,255,0,0
560.210876,-428.645203,0.113000,255,0,0
469.468903,-585.064209,0.113100,255,0,0
471.304504,-590.793579,0.113200,255,0,0
454.948914,-642.219971,0.113300,255,0,0
390.712830,-540.126587,0.113400,255,0,0
859.974609,-802.527649,0.113500,255,0,0
854.222107,-781.496887,0.113600,255,0,0
861.441711,-754.943909,0.113700,255,0,0
442.289124,-728.344849,0.113800,255,0,0
440.232391,-727.378418,0.113900,255,0,0
441.734558,-726.895203,0.114000,255,0,0
374.750305,-522.156067,0.114100,255,0,0
456.226471,-652.919434,0.114200,255,0,0
459.202759,-657.038147,0.114300,255,0,0
459.876648,-654.668152,0.114400,255,0,0
380.552002,-537.273376,0.114500,255,0,0
453.376526,-575.193115,0.114600,255,0,0
429.309906,-594.843323,0.114700,255,0,0
470.248047,-586.444824,0.114800,255,0,0
494.005798,-696.821655,0.114900,255,0,0
976.538086,-666.356995,0.115000,255,0,0
1072.060425,-653.793762,0.115100,255,0,0
1071.435669,-621.120239,0.115200,255,0,0
452.246368,-600.411621,0.115300,255,0,0
441.359009,-580.784424,0.115400,255,0,0
1327.811401,-553.034912,0.115500,255,0,0
468.324677,-643.186401,0.115600,255,0,0
472.389008,-650.917603,0.115700,255,0,0
471.258850,-648.018372,0.115800,255,0,0
470.300690,-645.671387,0.115900,255,0,0
464.572723,-633.223267,0.116000,255,0,0
464.790344,-631.566589,0.116100,255,0,0
466.948853,-624.755676,0.116200,255,0,0
539.461060,-547.397583,0.116300,255,0,0
470.950012,-652.367249,0.116400,255,0,0
471.055298,-650.710510,0.116500,255,0,0
472.564514,-649.606079,0.116600,255,0,0
472.052063,-648.616638,0.116700,255,0,0
471.785339,-647.811279,0.116800,255,0,0
471.311523,-646.361755,0.116900,255,0,0
468.587921,-643.370422,0.117000,255,0,0
441.151947,-590.793579,0.117100,255,0,0
441.267761,-590.563538,0.117200,255,0,0
441.015045,-590.402466,0.117300,255,0,0
440.418365,-590.034302,0.117400,255,0,0
440.277985,-589.965271,0.117500,255,0,0
457.844482,-609.040161,0.117600,255,0,0
450.828400,-603.563904,0.117700,255,0,0
484.876831,-567.093750,0.117800,255,0,0
501.070984,-566.311462,0.117900,255,0,0
389.038635,-547.029419,0.118000,255,0,0
470.040985,-588.975830,0.118100,255,0,0
1319.430054,-572.431946,0.118200,255,0,0
1331.124634,-577.563110,0.118300,255,0,0
1319.212524,-572.316956,0.118400,255,0,0
1319.630127,-572.501038,0.118500,255,0,0
1330.963257,-577.402100,0.118600,255,0,0
457.928711,-621.925537,0.118700,255,0,0
459.669556,-599.284119,0.118800,255,0,0
463.407501,-617.645752,0.118900,255,0,0
473.098022,-652.689331,0.119000,255,0,0
466.099487,-617.898865,0.119100,255,0,0
474.270264,-653.310608,0.119200,255,0,0
473.698181,-652.206177,0.119300,255,0,0
481.647827,-735.247681,0.119400,255,0,0
440.544739,-728.758911,0.119500,255,0,0
432.917969,-724.548218,0.119600,255,0,0
432.861816,-723.144653,0.119700,255,0,0
417.752197,-755.887268,0.119800,255,0,0
419.917755,-755.864197,0.119900,255,0,0
419.594818,-753.655334,0.120000,255,0,0
426.035309,-736.835327,0.120100,255,0,0
428.846619,-729.817444,0.120200,255,0,0
440.723724,-712.951355,0.120300,255,0,0
441.962708,-712.284119,0.120400,255,0,0
440.425415,-711.662903,0.120500,255,0,0
441.702972,-711.432739,0.120600,255,0,0
449.108612,-698.501343,0.120700,255,0,0
450.509033,-697.995178,0.120800,255,0,0
448.722565,-697.650024,0.120900,255,0,0
450.038696,-696.867737,0.121000,255,0,0
460.048615,-675.583862,0.121100,255,0,0
459.213287,-668.036682,0.121200,255,0,0
457.988373,-667.530518,0.121300,255,0,0
457.065308,-651.745972,0.121400,255,0,0
458.286682,-633.246216,0.121500,255,0,0
451.435608,-617.001526,0.121600,255,0,0
450.758240,-577.839233,0.121700,255,0,0
464.811401,-652.206177,0.121800,255,0,0
438.979370,-585.915588,0.121900,255,0,0
467.664856,-656.969116,0.122000,255,0,0
466.833038,-655.220398,0.122100,255,0,0
465.604614,-653.333618,0.122200,255,0,0
442.039917,-582.763245,0.122300,255,0,0
441.250214,-582.602173,0.122400,255,0,0
441.239685,-581.796875,0.122500,255,0,0
441.741577,-581.290649,0.122600,255,0,0
443.622833,-570.062012,0.122700,255,0,0
450.445831,-544.889526,0.122800,255,0,0
450.221222,-543.692993,0.122900,255,0,0
482.240967,-565.391052,0.123000,255,0,0
508.739899,-544.061157,0.123100,255,0,0
508.508209,-543.969177,0.123200,255,0,0
510.129730,-714.539062,0.123300,255,0,0
509.132935,-714.515991,0.123400,255,0,0
507.476349,-713.595703,0.123500,255,0,0
508.662659,-713.848816,0.123600,255,0,0
509.280396,-713.457581,0.123700,255,0,0
485.048859,-707.912292,0.123800,255,0,0
484.424072,-707.590210,0.123900,255,0,0
485.947327,-707.429138,0.124000,255,0,0
485.245331,-707.152954,0.124100,255,0,0
423.266052,-679.127319,0.124200,255,0,0
419.215759,-672.063354,0.124300,255,0,0
418.706848,-667.668579,0.124400,255,0,0
418.412048,-667.484497,0.124500,255,0,0
418.169861,-667.346436,0.124600,255,0,0
419.738739,-666.403076,0.124700,255,0,0
398.009674,-687.916931,0.124800,255,0,0
450.958282,-606.371094,0.124900,255,0,0
446.230591,-604.737427,0.125000,255,0,0
428.836090,-613.481018,0.125100,255,0,0
428.822052,-612.675720,0.125200,255,0,0
440.576324,-536.329956,0.125300,255,0,0
398.350098,-498.617279,0.125400,255,0,0
399.827728,-498.410217,0.125500,255,0,0
482.026917,-735.316650,0.125600,255,0,0
421.265503,-594.751221,0.125700,255,0,0
421.630493,-594.682251,0.125800,255,0,0
455.647339,-699.030640,0.125900,255,0,0
340.715942,-507.015778,0.126000,255,0,0
518.058350,-726.112854,0.126100,255,0,0
506.865631,-545.971008,0.126200,255,0,0
437.631622,-589.021851,0.126300,255,0,0
451.807648,-626.021301,0.126400,255,0,0
450.579224,-548.686096,0.126500,255,0,0
425.712372,-736.766296,0.126600,255,0,0
472.890930,-567.346863,0.126700,255,0,0
482.848206,-565.137939,0.126800,255,0,0
448.999817,-521.511841,0.126900,255,0,0
457.876038,-621.166260,0.127000,255,0,0
460.045105,-698.064209,0.127100,255,0,0
475.754913,-706.255615,0.127200,255,0,0
397.957031,-686.720459,0.127300,255,0,0
399.157349,-663.503845,0.127400,255,0,0
400.817474,-662.353333,0.127500,255,0,0
425.736938,-523.053467,0.127600,255,0,0
452.046326,-581.428711,0.127700,255,0,0
458.795624,-581.405701,0.127800,255,0,0
458.946533,-580.531372,0.127900,255,0,0
470.648163,-561.893555,0.128000,255,0,0
430.127716,-527.655334,0.128100,255,0,0
420.303802,-515.966492,0.128200,255,0,0
481.830383,-561.709534,0.128300,255,0,0
551.366211,-608.902100,0.128400,255,0,0
380.236115,-529.335083,0.128500,255,0,0
385.820160,-533.798889,0.128600,255,0,0
377.028137,-529.657166,0.128700,255,0,0
606.515442,-775.859558,0.128800,255,0,0
376.399902,-525.860657,0.128900,255,0,0
377.628326,-526.734985,0.129000,255,0,0
379.835999,-528.575745,0.129100,255,0,0
378.814636,-531.175781,0.129200,255,0,0
1240.937256,-622.201660,0.129300,255,0,0
377.919647,-529.703186,0.129400,255,0,0
445.865570,-593.669800,0.129500,255,0,0
369.425964,-523.191467,0.129600,255,0,0
676.746277,-222.801620,0.129700,255,0,0
448.929596,-604.760437,0.129800,255,0,0
475.389893,-662.031189,0.129900,255,0,0
462.572174,-629.334595,0.130000,255,0,0
454.355743,-592.864502,0.130100,255,0,0
455.636810,-616.863464,0.130200,255,0,0
419.377228,-734.856506,0.130300,255,0,0
1033.877441,-700.135071,0.130400,255,0,0
1029.560425,-701.377625,0.130500,255,0,0
1415.735107,-494.728668,0.130600,255,0,0
1074.633057,-617.484680,0.130700,255,0,0
911.312256,-267.601257,0.130800,255,0,0
639.974243,-435.294983,0.130900,255,0,0
596.982910,-295.258759,0.131000,255,0,0
451.691803,-578.483459,0.131100,255,0,0
470.511292,-663.549866,0.131200,255,0,0
470.644653,-662.629517,0.131300,255,0,0
447.852112,-710.673462,0.131400,255,0,0
446.974670,-710.420349,0.131500,255,0,0
448.708496,-710.926575,0.131600,255,0,0
450.014130,-714.585083,0.131700,255,0,0
605.606445,-566.725586,0.131800,255,0,0
465.520355,-582.717224,0.131900,255,0,0
508.104584,-714.815186,0.132000,255,0,0
710.236633,-767.299988,0.132100,255,0,0
710.405090,-767.346008,0.132200,255,0,0
439.130280,-584.811157,0.132300,255,0,0
354.182983,-521.304749,0.132400,255,0,0
522.463135,-566.886658,0.132500,255,0,0
441.818787,-538.124695,0.132600,255,0,0
430.004852,-525.193359,0.132700,255,0,0
463.874268,-590.586487,0.132800,255,0,0
443.033173,-697.235840,0.132900,255,0,0
459.132568,-698.156250,0.133000,255,0,0
471.409821,-702.942261,0.133100,255,0,0
502.920624,-711.386719,0.133200,255,0,0
445.065338,-528.299622,0.133300,255,0,0
496.230988,-551.332214,0.133400,255,0,0
509.175110,-534.351135,0.133500,255,0,0
509.111877,-542.588562,0.133600,255,0,0
473.087494,-507.314880,0.133700,255,0,0
449.217438,-552.712769,0.133800,255,0,0
442.871735,-570.384155,0.133900,255,0,0
459.209778,-671.028015,0.134000,255,0,0
451.832214,-694.336670,0.134100,255,0,0
447.497620,-699.674866,0.134200,255,0,0
440.000732,-712.169067,0.134300,255,0,0
475.140686,-733.268860,0.134400,255,0,0
449.192841,-595.625610,0.134500,255,0,0
447.799469,-714.608093,0.134600,255,0,0
446.237610,-714.055908,0.134700,255,0,0
448.908539,-420.062653,0.134800,255,0,0
457.549652,-424.043274,0.134900,255,0,0
454.864655,-633.706421,0.135000,255,0,0
451.144287,-633.108215,0.135100,255,0,0
596.779358,-749.214478,0.135200,255,0,0
409.556824,-552.321655,0.135300,255,0,0
402.151184,-503.978546,0.135400,255,0,0
446.300781,-586.859009,0.135500,255,0,0
446.785156,-586.352783,0.135600,255,0,0
446.662292,-586.467773,0.135700,255,0,0
445.697113,-587.457214,0.135800,255,0,0
447.171234,-587.158142,0.135900,255,0,0
447.153656,-589.113892,0.136000,255,0,0
446.472748,-587.871399,0.136100,255,0,0
446.276245,-588.078491,0.136200,255,0,0
445.897186,-588.492615,0.136300,255,0,0
446.090210,-588.285583,0.136400,255,0,0
442.668182,-591.967102,0.136500,255,0,0
461.361267,-668.105774,0.136600,255,0,0
447.904755,-586.651917,0.136700,255,0,0
407.240387,-502.505890,0.136800,255,0,0
447.006256,-588.745789,0.136900,255,0,0
446.062103,-588.331604,0.137000,255,0,0
442.808563,-705.450317,0.137100,255,0,0
453.948608,-596.384888,0.137200,255,0,0
472.694366,-585.386414,0.137300,255,0,0
462.417725,-580.370239,0.137400,255,0,0
441.545013,-594.590210,0.137500,255,0,0
453.211548,-607.567566,0.137600,255,0,0
446.778107,-589.482056,0.137700,255,0,0
445.061859,-589.182922,0.137800,255,0,0
446.065643,-588.699707,0.137900,255,0,0
442.215424,-581.014587,0.138000,255,0,0
444.717865,-590.678589,0.138100,255,0,0
444.282684,-588.975830,0.138200,255,0,0
443.777252,-589.666138,0.138300,255,0,0
444.840729,-589.781189,0.138400,255,0,0
445.149597,-588.032471,0.138500,255,0,0
445.405792,-587.779297,0.138600,255,0,0
447.093994,-591.898071,0.138700,255,0,0
445.504089,-589.505127,0.138800,255,0,0
646.923645,-309.846802,0.138900,255,0,0
621.042480,-292.497589,0.139000,255,0,0
674.966797,-300.873077,0.139100,255,0,0
643.529663,-281.982239,0.139200,255,0,0
633.712830,-303.795288,0.139300,255,0,0
666.143188,-307.821991,0.139400,255,0,0
548.790039,-379.335693,0.139500,255,0,0
638.672119,-733.637024,0.139600,255,0,0
601.664917,-742.495667,0.139700,255,0,0
617.553772,-740.862000,0.139800,255,0,0
617.834534,-740.470825,0.139900,255,0,0
614.717834,-743.278015,0.140000,255,0,0
605.904724,-746.453369,0.140100,255,0,0
598.994019,-743.462036,0.140200,255,0,0
606.364563,-738.630066,0.140300,255,0,0
626.763428,-298.319000,0.140400,255,0,0
621.888306,-295.074677,0.140500,255,0,0
436.287384,-724.157043,0.140600,255,0,0
441.559082,-723.144653,0.140700,255,0,0
434.521942,-589.090942,0.140800,255,0,0
457.967316,-672.017395,0.140900,255,0,0
457.128479,-604.139160,0.141000,255,0,0
446.451691,-590.609558,0.141100,255,0,0
443.633362,-589.827209,0.141200,255,0,0
447.936340,-588.216553,0.141300,255,0,0
378.646179,-534.075073,0.141400,255,0,0
442.155731,-581.520752,0.141500,255,0,0
447.550293,-589.182922,0.141600,255,0,0
457.739197,-612.491638,0.141700,255,0,0
444.756500,-590.655579,0.141800,255,0,0
445.725159,-589.343994,0.141900,255,0,0
444.170349,-591.552917,0.142000,255,0,0
441.832825,-582.141968,0.142100,255,0,0
441.741577,-590.494507,0.142200,255,0,0
458.532410,-581.543762,0.142300,255,0,0
863.101868,-648.133484,0.142400,255,0,0
863.073730,-647.995361,0.142500,255,0,0
860.613403,-647.926392,0.142600,255,0,0
863.140442,-648.248535,0.142700,255,0,0
862.312134,-650.296326,0.142800,255,0,0
469.023132,-613.987244,0.142900,255,0,0
861.947144,-648.340576,0.143000,255,0,0
861.350464,-648.248535,0.143100,255,0,0
836.108093,-652.459290,0.143200,255,0,0
812.680237,-657.130188,0.143300,255,0,0
425.059570,-577.309998,0.143400,255,0,0
424.705109,-578.598511,0.143500,255,0,0
425.729950,-578.874695,0.143600,255,0,0
425.582520,-576.412659,0.143700,255,0,0
425.431580,-576.044434,0.143800,255,0,0
714.058777,-429.933716,0.143900,255,0,0
720.783569,-424.756592,0.144000,255,0,0
450.182617,-577.102905,0.144100,255,0,0
442.924377,-583.913696,0.144200,255,0,0
458.395508,-579.150757,0.144300,255,0,0
463.814636,-579.933105,0.144400,255,0,0
467.706970,-583.798706,0.144500,255,0,0
467.482330,-584.719116,0.144600,255,0,0
467.952667,-584.926208,0.144700,255,0,0
467.447235,-584.212891,0.144800,255,0,0
457.837463,-616.978455,0.144900,255,0,0
440.130585,-587.848389,0.145000,255,0,0
475.010834,-416.289062,0.145100,255,0,0
461.241974,-615.804993,0.145200,255,0,0
460.406616,-603.909058,0.145300,255,0,0
457.328552,-543.439880,0.145400,255,0,0
506.384827,-552.482727,0.145500,255,0,0
441.141418,-546.638245,0.145600,255,0,0
441.151947,-546.615234,0.145700,255,0,0
458.234039,-631.865723,0.145800,255,0,0
434.764130,-579.311829,0.145900,255,0,0
431.149048,-578.046326,0.146000,255,0,0
1161.128174,-579.703003,0.146100,255,0,0
440.734253,-581.083557,0.146200,255,0,0
438.902161,-580.554382,0.146300,255,0,0
823.862427,-454.346863,0.146400,255,0,0
443.682495,-591.115723,0.146500,255,0,0
443.928162,-589.090942,0.146600,255,0,0
442.352295,-589.413025,0.146700,255,0,0
442.176788,-584.373901,0.146800,255,0,0
436.975281,-580.048157,0.146900,255,0,0
439.530396,-588.653687,0.147000,255,0,0
442.243469,-584.880188,0.147100,255,0,0
435.153717,-579.541992,0.147200,255,0,0
431.959808,-578.529480,0.147300,255,0,0
467.524445,-563.504272,0.147400,255,0,0
1334.129150,-553.403015,0.147500,255,0,0
1327.291992,-557.015564,0.147600,255,0,0
1336.424438,-551.677307,0.147700,255,0,0
1007.533020,-332.304169,0.147800,255,0,0
1056.290894,-278.369720,0.147900,255,0,0
463.119690,-598.018616,0.148000,255,0,0
449.477142,-614.838562,0.148100,255,0,0
466.545227,-583.453613,0.148200,255,0,0
1059.909546,-631.382446,0.148300,255,0,0
437.775543,-581.037537,0.148400,255,0,0
674.450867,-239.437546,0.148500,255,0,0
437.803589,-588.262573,0.148600,255,0,0
464.709595,-580.531372,0.148700,255,0,0
448.245209,-625.284973,0.148800,255,0,0
440.607910,-587.227112,0.148900,255,0,0
439.990204,-589.528076,0.149000,255,0,0
440.902740,-590.011292,0.149100,255,0,0
441.667877,-585.639465,0.149200,255,0,0
443.394714,-589.942261,0.149300,255,0,0
440.211334,-587.802368,0.149400,255,0,0
442.847168,-584.028809,0.149500,255,0,0
441.099304,-586.421753,0.149600,255,0,0
441.545013,-590.471497,0.149700,255,0,0
431.342102,-579.012695,0.149800,255,0,0
440.127075,-590.103333,0.149900,255,0,0
443.145508,-579.818054,0.150000,255,0,0
292.463379,-516.219604,0.150100,255,0,0
299.335571,-520.315308,0.150200,255,0,0
316.845886,-526.228760,0.150300,255,0,0
355.867645,-537.066284,0.150400,255,0,0
370.545593,-542.151428,0.150500,255,0,0
384.128479,-555.819092,0.150600,255,0,0
404.555389,-581.819885,0.150700,255,0,0
406.580536,-587.825378,0.150800,255,0,0
407.296539,-589.988281,0.150900,255,0,0
407.092987,-589.413025,0.151000,255,0,0
370.907074,-542.404541,0.151100,255,0,0
283.706482,-514.770020,0.151200,255,0,0
276.932617,-515.230225,0.151300,255,0,0
276.957153,-515.299255,0.151400,255,0,0
281.151367,-576.136475,0.151500,255,0,0
331.379913,-644.244812,0.151600,255,0,0
360.160126,-647.903320,0.151700,255,0,0
439.919983,-586.605896,0.151800,255,0,0
440.811493,-584.719116,0.151900,255,0,0
429.327484,-577.471069,0.152000,255,0,0
426.846069,-577.171936,0.152100,255,0,0
426.765320,-577.148987,0.152200,255,0,0
1041.806030,-618.865234,0.152300,255,0,0
1041.806030,-618.865234,0.152400,255,0,0
989.408447,-622.753906,0.152500,255,0,0
449.017365,-583.936768,0.152600,255,0,0
448.996307,-583.936768,0.152700,255,0,0
448.024078,-585.018250,0.152800,255,0,0
452.341125,-586.973999,0.152900,255,0,0
440.274506,-581.106628,0.153000,255,0,0
441.060669,-586.398804,0.153100,255,0,0
502.313477,-704.161743,0.153200,255,0,0
473.424438,-668.635010,0.153300,255,0,0
429.562622,-578.460510,0.153400,255,0,0
450.038696,-714.055908,0.153500,255,0,0
449.477142,-699.766968,0.153600,255,0,0
849.189026,-408.258728,0.153700,255,0,0
841.467529,-417.761658,0.153800,255,0,0
452.776337,-623.421204,0.153900,255,0,0
445.047791,-696.338501,0.154000,255,0,0
401.730011,-504.553772,0.154100,255,0,0
452.014740,-630.047913,0.154200,255,0,0
447.571350,-621.971558,0.154300,255,0,0
447.771362,-621.879517,0.154400,255,0,0
440.442963,-609.017212,0.154500,255,0,0
440.643036,-608.925171,0.154600,255,0,0
464.741180,-636.674683,0.154700,255,0,0
381.236389,-504.116577,0.154800,255,0,0
465.039551,-638.377441,0.154900,255,0,0
464.983368,-638.193298,0.155000,255,0,0
464.934265,-637.986206,0.155100,255,0,0
464.348114,-637.549072,0.155200,255,0,0
468.258026,-634.419739,0.155300,255,0,0
464.256836,-635.271118,0.155400,255,0,0
464.183136,-635.271118,0.155500,255,0,0
1256.138062,-562.537903,0.155600,255,0,0
427.562042,-430.416931,0.155700,255,0,0
427.383057,-430.485962,0.155800,255,0,0
443.131470,-590.494507,0.155900,255,0,0
443.233246,-590.356445,0.156000,255,0,0
443.313965,-590.264404,0.156100,255,0,0
444.984619,-643.692627,0.156200,255,0,0
625.341980,-742.403625,0.156300,255,0,0
621.972534,-742.863831,0.156400,255,0,0
617.465942,-740.401855,0.156500,255,0,0
1273.578247,-616.564270,0.156600,255,0,0
1384.940186,-588.814758,0.156700,255,0,0
427.035583,-577.494080,0.156800,255,0,0
988.934692,-229.750519,0.156900,255,0,0
1074.405029,-660.259460,0.157000,255,0,0
432.156342,-587.963440,0.157100,255,0,0
559.154419,-746.729431,0.157200,255,0,0
433.862122,-376.367462,0.157300,255,0,0
518.844543,-696.867737,0.157400,255,0,0
511.645935,-717.300232,0.157500,255,0,0
433.012726,-588.584717,0.157600,255,0,0
1073.597656,-245.811188,0.157700,255,0,0
447.301086,-699.835938,0.157800,255,0,0
449.336761,-592.082153,0.157900,255,0,0
468.373840,-634.810913,0.158000,255,0,0
447.430939,-592.703430,0.158100,255,0,0
439.572540,-588.147522,0.158200,255,0,0
350.803040,-487.894836,0.158300,255,0,0
452.190186,-638.124329,0.158400,255,0,0
901.330444,-409.225128,0.158500,255,0,0
947.568359,-767.898254,0.158600,255,0,0
430.545349,-664.447205,0.158700,255,0,0
431.749207,-663.457764,0.158800,255,0,0
473.501617,-653.609741,0.158900,255,0,0
469.581177,-584.143860,0.159000,255,0,0
451.053040,-740.010620,0.159100,255,0,0
458.981628,-580.370239,0.159200,255,0,0
414.259949,-656.600952,0.159300,255,0,0
1329.401489,-610.420776,0.159400,255,0,0
1328.573120,-609.776489,0.159500,255,0,0
490.288940,-686.375366,0.159600,255,0,0
1126.405884,-770.682373,0.159700,255,0,0
1099.398071,-780.139343,0.159800,255,0,0
1097.657349,-779.909241,0.159900,255,0,0
1065.325073,-791.920166,0.160000,255,0,0
929.268311,-697.419983,0.160100,255,0,0
929.071777,-697.350891,0.160200,255,0,0
936.624817,-689.596680,0.160300,255,0,0
980.412964,-677.539673,0.160400,255,0,0
969.880005,-674.824524,0.160500,255,0,0
1034.989990,-668.611938,0.160600,255,0,0
1026.784180,-670.751831,0.160700,255,0,0
1076.226562,-663.963989,0.160800,255,0,0
1076.577515,-661.041809,0.160900,255,0,0
1187.584961,-628.115112,0.161000,255,0,0
1186.974365,-627.424866,0.161100,255,0,0
328.298279,-457.015991,0.161200,255,0,0
1190.248901,-797.764709,0.161300,255,0,0
1190.273438,-797.764709,0.161400,255,0,0
1188.999512,-796.959290,0.161500,255,0,0
1188.887085,-797.281433,0.161600,255,0,0
797.746094,-724.295105,0.161700,255,0,0
864.523315,-700.641235,0.161800,255,0,0
864.621582,-699.927979,0.161900,255,0,0
904.327759,-695.671204,0.162000,255,0,0
897.599487,-695.579163,0.162100,255,0,0
1066.925537,-715.436401,0.162200,255,0,0
1061.731079,-720.406494,0.162300,255,0,0
525.562256,-732.509521,0.162400,255,0,0
429.313416,-686.766479,0.162500,255,0,0
428.344727,-686.283325,0.162600,255,0,0
428.204315,-686.283325,0.162700,255,0,0
475.790009,-735.385742,0.162800,255,0,0
474.266754,-738.146851,0.162900,255,0,0
475.670685,-735.891907,0.163000,255,0,0
468.208862,-781.588928,0.163100,255,0,0
468.587921,-782.302246,0.163200,255,0,0
999.660522,-230.371780,0.163300,255,0,0
474.951172,-591.667969,0.163400,255,0,0
468.240448,-632.694031,0.163500,255,0,0
468.370300,-632.187805,0.163600,255,0,0
468.468597,-631.543579,0.163700,255,0,0
1005.525391,-332.764343,0.163800,255,0,0
986.909546,-332.281158,0.163900,255,0,0
821.742493,-450.504272,0.164000,255,0,0
800.231018,-423.514069,0.164100,255,0,0
1098.331177,-177.840927,0.164200,255,0,0
1016.707520,-167.900803,0.164300,255,0,0
468.981018,-569.624756,0.164400,255,0,0
528.633301,-731.221008,0.164500,255,0,0
518.932312,-720.337463,0.164600,255,0,0
928.875244,-330.762482,0.164700,255,0,0
930.731934,-222.571518,0.164800,255,0,0
642.708374,-431.636475,0.164900,255,0,0
628.241028,-440.057922,0.165000,255,0,0
628.774536,-439.804840,0.165100,255,0,0
629.511597,-442.312897,0.165200,255,0,0
597.797180,-460.053253,0.165300,255,0,0
558.648987,-499.537659,0.165400,255,0,0
575.896118,-511.157501,0.165500,255,0,0
563.941772,-474.319183,0.165600,255,0,0
995.705017,-664.884399,0.165700,255,0,0
1366.057495,-688.515259,0.165800,255,0,0
1354.742065,-741.483215,0.165900,255,0,0
1323.813843,-689.090454,0.166000,255,0,0
1328.302856,-692.104736,0.166100,255,0,0
1326.161865,-688.722351,0.166200,255,0,0
1332.935669,-794.290222,0.166300,255,0,0
1310.174805,-769.785034,0.166400,255,0,0
1312.010376,-769.785034,0.166500,255,0,0
870.142456,-201.563797,0.166600,255,0,0
443.061249,-695.924316,0.166700,255,0,0
1072.716797,-619.509583,0.166800,255,0,0
454.640045,-594.291016,0.166900,255,0,0
453.067657,-593.830933,0.167000,255,0,0
1163.090210,-628.092102,0.167100,255,0,0
1043.350464,-625.169861,0.167200,255,0,0
492.822998,-566.334412,0.167300,255,0,0
992.286499,-353.979156,0.167400,255,0,0
992.198730,-353.403931,0.167500,255,0,0
992.546204,-355.313721,0.167600,255,0,0
985.807434,-353.035797,0.167700,255,0,0
988.510010,-353.012756,0.167800,255,0,0
986.660278,-353.495941,0.167900,255,0,0
992.865601,-353.887115,0.168000,255,0,0
991.710876,-354.140228,0.168100,255,0,0
992.949829,-355.497803,0.168200,255,0,0
994.381836,-353.518982,0.168300,255,0,0
994.982056,-353.426910,0.168400,255,0,0
987.253418,-352.069366,0.168500,255,0,0
980.332153,-358.281952,0.168600,255,0,0
993.781677,-353.634003,0.168700,255,0,0
993.332397,-353.657013,0.168800,255,0,0
993.792236,-351.770233,0.168900,255,0,0
994.273010,-351.655212,0.169000,255,0,0
994.230896,-351.471130,0.169100,255,0,0
993.925537,-351.448120,0.169200,255,0,0
993.922119,-351.655212,0.169300,255,0,0
994.030823,-351.977325,0.169400,255,0,0
334.001709,-506.003357,0.169500,255,0,0
339.171600,-506.578583,0.169600,255,0,0
421.956909,-556.210205,0.169700,255,0,0
423.006348,-557.429749,0.169800,255,0,0
438.747742,-586.905029,0.169900,255,0,0
438.666992,-587.135071,0.170000,255,0,0
439.193481,-592.657410,0.170100,255,0,0
415.607727,-657.061157,0.170200,255,0,0
414.758362,-654.553162,0.170300,255,0,0
413.312317,-656.439880,0.170400,255,0,0
493.026581,-730.944824,0.170500,255,0,0
443.313965,-570.936401,0.170600,255,0,0
412.108459,-536.283936,0.170700,255,0,0
405.404785,-528.759827,0.170800,255,0,0
468.286072,-504.852875,0.170900,255,0,0
506.511169,-546.155029,0.171000,255,0,0
484.223999,-559.638672,0.171100,255,0,0
450.119446,-625.446045,0.171200,255,0,0
1319.946045,-563.734314,0.171300,255,0,0
450.407227,-619.601624,0.171400,255,0,0
473.596405,-734.672424,0.171500,255,0,0
459.550232,-669.187195,0.171600,255,0,0
466.099487,-620.199829,0.171700,255,0,0
994.108093,-314.655823,0.171800,255,0,0
983.757690,-330.808533,0.171900,255,0,0
989.527832,-321.581665,0.172000,255,0,0
991.072083,-306.372375,0.172100,255,0,0
991.324768,-307.039642,0.172200,255,0,0
1047.502441,-256.372589,0.172300,255,0,0
1047.393555,-256.763763,0.172400,255,0,0
1047.590210,-256.096466,0.172500,255,0,0
1005.146362,-337.964508,0.172600,255,0,0
538.088745,-738.837158,0.172700,255,0,0
550.544922,-743.876221,0.172800,255,0,0
614.963562,-778.390625,0.172900,255,0,0
615.023193,-778.413635,0.173000,255,0,0
652.707764,-789.849365,0.173100,255,0,0
456.647644,-635.570251,0.173200,255,0,0
463.242523,-644.175842,0.173300,255,0,0
488.741119,-686.743530,0.173400,255,0,0
485.115509,-681.198242,0.173500,255,0,0
495.062256,-695.303040,0.173600,255,0,0
495.086792,-695.326050,0.173700,255,0,0
516.745667,-728.229736,0.173800,255,0,0
514.074707,-725.445618,0.173900,255,0,0
374.374756,-302.437714,0.174000,255,0,0
372.840973,-359.478455,0.174100,255,0,0
372.609314,-368.222076,0.174200,255,0,0
376.936920,-443.624420,0.174300,255,0,0
378.814636,-452.805237,0.174400,255,0,0
420.166931,-574.755981,0.174500,255,0,0
424.834961,-579.887085,0.174600,255,0,0
432.300262,-592.634399,0.174700,255,0,0
977.548950,-231.085068,0.174800,255,0,0
958.403015,-217.969620,0.174900,255,0,0
417.938202,-526.850037,0.175000,255,0,0
1079.230957,-728.943054,0.175100,255,0,0
560.554871,-749.766663,0.175200,255,0,0
372.493530,-405.060394,0.175300,255,0,0
442.482147,-652.988464,0.175400,255,0,0
444.689789,-594.820251,0.175500,255,0,0
450.463409,-606.094971,0.175600,255,0,0
398.269379,-734.373291,0.175700,255,0,0