X,Y,Z,R,G,B
1628.729858,-573.168274,0.000100,255,0,255
1628.378906,-572.984192,0.000200,255,0,255
1628.027954,-572.800110,0.000300,255,0,255
1627.676880,-572.616089,0.000400,255,0,255
1627.326050,-572.431946,0.000500,255,0,255
1626.975098,-572.247925,0.000600,255,0,255
1626.624023,-572.063843,0.000700,255,0,255
1626.273071,-571.879761,0.000800,255,0,255
1625.922119,-571.695679,0.000900,255,0,255
1625.571045,-571.511597,0.001000,255,0,255
1625.220093,-571.327515,0.001100,255,0,255
1624.869141,-571.143494,0.001200,255,0,255
1624.518066,-570.959351,0.001300,255,0,255
1624.167114,-570.775269,0.001400,255,0,255
1623.816284,-570.591187,0.001500,255,0,255
1623.465332,-570.407104,0.001600,255,0,255
1623.114258,-570.223083,0.001700,255,0,255
1622.763306,-570.038940,0.001800,255,0,255
1622.412354,-569.854919,0.001900,255,0,255
1622.061279,-569.670837,0.002000,255,0,255
1621.710327,-569.486755,0.002100,255,0,255
1621.359375,-569.302673,0.002200,255,0,255
1621.008301,-569.118591,0.002300,255,0,255
1620.657471,-568.934509,0.002400,255,0,255
1620.306519,-568.750488,0.002500,255,0,255
1619.955444,-568.566345,0.002600,255,0,255
1619.604492,-568.382324,0.002700,255,0,255
1619.253540,-568.198242,0.002800,255,0,255
1618.593628,-567.830078,0.002900,255,0,255
1618.242676,-567.645935,0.003000,255,0,255
1617.891602,-567.461914,0.003100,255,0,255
1617.540649,-567.277832,0.003200,255,0,255
1617.189819,-567.093750,0.003300,255,0,255
1616.838745,-566.909668,0.003400,255,0,255
1616.371948,-566.633545,0.003500,255,0,255
1616.045532,-566.357483,0.003600,255,0,255
1615.719116,-566.081299,0.003700,255,0,255
1615.392700,-565.805237,0.003800,255,0,255
1614.982056,-565.460083,0.003900,255,0,255
1614.634644,-565.276001,0.004000,255,0,255
1613.943237,-564.884888,0.004100,255,0,255
1613.448242,-564.884888,0.004200,255,0,255
1613.100830,-564.677795,0.004300,255,0,255
1612.753418,-564.470703,0.004400,255,0,255
1612.405884,-564.263611,0.004500,255,0,255
1612.058472,-564.056519,0.004600,255,0,255
1611.605591,-563.849426,0.004700,255,0,255
1611.261719,-563.619324,0.004800,255,0,255
1610.917725,-563.389221,0.004900,255,0,255
1610.573853,-563.159119,0.005000,255,0,255
1610.229858,-562.929016,0.005100,255,0,255
1609.885864,-562.698975,0.005200,255,0,255
1609.541992,-562.468811,0.005300,255,0,255
1609.197876,-562.238770,0.005400,255,0,255
1608.854004,-562.008606,0.005500,255,0,255
1608.510010,-561.778564,0.005600,255,0,255
1608.166138,-561.548462,0.005700,255,0,255
1607.822144,-561.318359,0.005800,255,0,255
1607.478271,-561.088257,0.005900,255,0,255
1607.134155,-560.858154,0.006000,255,0,255
1606.751587,-560.720154,0.006100,255,0,255
1601.560669,-557.567810,0.006200,255,0,255
1531.666870,-519.026794,0.006300,255,0,255
1531.301758,-518.957764,0.006400,255,0,255
1530.936768,-518.888733,0.006500,255,0,255
1530.571777,-518.819702,0.006600,255,0,255
1530.206665,-518.750671,0.006700,255,0,255
1529.841675,-518.681641,0.006800,255,0,255
1529.476685,-518.612610,0.006900,255,0,255
1529.111694,-518.543579,0.007000,255,0,255
1528.746582,-518.474548,0.007100,255,0,255
1528.272827,-518.474548,0.007200,255,0,255
1527.904297,-518.451538,0.007300,255,0,255
1527.535767,-518.428528,0.007400,255,0,255
1527.167236,-518.405518,0.007500,255,0,255
1526.798706,-518.382507,0.007600,255,0,255
1526.430298,-518.359497,0.007700,255,0,255
1526.061646,-518.336487,0.007800,255,0,255
1525.693115,-518.313477,0.007900,255,0,255
1525.324585,-518.290466,0.008000,255,0,255
1524.956177,-518.267456,0.008100,255,0,255
1524.587524,-518.244446,0.008200,255,0,255
1524.218994,-518.221436,0.008300,255,0,255
1523.850464,-518.198425,0.008400,255,0,255
1523.482056,-518.175415,0.008500,255,0,255
1523.113403,-518.152405,0.008600,255,0,255
1522.744873,-518.129395,0.008700,255,0,255
1522.376465,-518.106384,0.008800,255,0,255
1522.007935,-518.083374,0.008900,255,0,255
1521.453369,-518.106384,0.009000,255,0,255
1521.084839,-518.106384,0.009100,255,0,255
1520.716309,-518.106384,0.009200,255,0,255
1520.347656,-518.106384,0.009300,255,0,255
1519.979248,-518.106384,0.009400,255,0,255
1519.610718,-518.106384,0.009500,255,0,255
1519.242188,-518.106384,0.009600,255,0,255
1518.873535,-518.106384,0.009700,255,0,255
1518.505127,-518.106384,0.009800,255,0,255
1518.136597,-518.106384,0.009900,255,0,255
1517.768066,-518.106384,0.010000,255,0,255
1517.399536,-518.106384,0.010100,255,0,255
1517.031006,-518.106384,0.010200,255,0,255
1516.364136,-518.037354,0.010300,255,0,255
1515.995605,-518.060364,0.010400,255,0,255
1515.627197,-518.083374,0.010500,255,0,255
1515.258545,-518.106384,0.010600,255,0,255
1514.890015,-518.129395,0.010700,255,0,255
1514.521484,-518.152405,0.010800,255,0,255
1514.153076,-518.175415,0.010900,255,0,255
1513.784424,-518.198425,0.011000,255,0,255
1513.415894,-518.221436,0.011100,255,0,255
1513.047363,-518.244446,0.011200,255,0,255
1512.678955,-518.267456,0.011300,255,0,255
1512.310303,-518.290466,0.011400,255,0,255
1511.941772,-518.313477,0.011500,255,0,255
1511.573242,-518.336487,0.011600,255,0,255
1511.204834,-518.359497,0.011700,255,0,255
1510.836182,-518.382507,0.011800,255,0,255
1510.253540,-518.244446,0.011900,255,0,255
1509.885010,-518.221436,0.012000,255,0,255
1509.516602,-518.198425,0.012100,255,0,255
1509.148071,-518.175415,0.012200,255,0,255
1508.779419,-518.152405,0.012300,255,0,255
1508.410889,-518.129395,0.012400,255,0,255
1507.870483,-518.060364,0.012500,255,0,255
1507.508911,-517.945312,0.012600,255,0,255
1507.147461,-517.830261,0.012700,255,0,255
1506.442017,-517.577148,0.012800,255,0,255
1505.775146,-517.347046,0.012900,255,0,255
1505.441650,-517.600159,0.013000,255,0,255
1505.108276,-517.853271,0.013100,255,0,255
1504.644897,-518.198425,0.013200,255,0,255
1504.283447,-518.290466,0.013300,255,0,255
1503.921875,-518.382507,0.013400,255,0,255
1503.560547,-518.474548,0.013500,255,0,255
1503.114746,-518.612610,0.013600,255,0,255
1502.746094,-518.566589,0.013700,255,0,255
1502.377686,-518.520569,0.013800,255,0,255
1502.009155,-518.474548,0.013900,255,0,255
1501.317627,-518.428528,0.014000,255,0,255
1500.952759,-518.382507,0.014100,255,0,255
1500.587646,-518.336487,0.014200,255,0,255
1500.222534,-518.290466,0.014300,255,0,255
1499.857666,-518.244446,0.014400,255,0,255
1499.492554,-518.198425,0.014500,255,0,255
1498.966187,-518.083374,0.014600,255,0,255
1498.422119,-518.083374,0.014700,255,0,255
1498.071045,-518.267456,0.014800,255,0,255
1497.720093,-518.451538,0.014900,255,0,255
1497.369263,-518.635620,0.015000,255,0,255
1496.937500,-518.865723,0.015100,255,0,255
1496.568970,-518.865723,0.015200,255,0,255
1495.842529,-518.888733,0.015300,255,0,255
1495.477417,-518.819702,0.015400,255,0,255
1495.112305,-518.750671,0.015500,255,0,255
1494.747437,-518.681641,0.015600,255,0,255
1494.382324,-518.612610,0.015700,255,0,255
1494.017334,-518.543579,0.015800,255,0,255
1493.561035,-518.405518,0.015900,255,0,255
1493.199585,-518.313477,0.016000,255,0,255
1492.838013,-518.221436,0.016100,255,0,255
1492.476562,-518.129395,0.016200,255,0,255
1492.114990,-518.037354,0.016300,255,0,255
1491.430664,-517.807251,0.016400,255,0,255
1491.065552,-517.715210,0.016500,255,0,255
1490.700562,-517.623169,0.016600,255,0,255
1490.016113,-517.439148,0.016700,255,0,255
1489.349365,-517.301025,0.016800,255,0,255
1488.657837,-517.577148,0.016900,255,0,255
1488.261353,-518.451538,0.017000,255,0,255
1487.966431,-518.819702,0.017100,255,0,255
1487.671631,-519.187866,0.017200,255,0,255
1487.310059,-519.625061,0.017300,255,0,255
1486.945190,-519.878113,0.017400,255,0,255
1486.520508,-520.108215,0.017500,255,0,255
1485.779907,-520.292297,0.017600,255,0,255
1400.600830,-538.584900,0.017700,255,0,255
1400.965942,-538.515869,0.017800,255,0,255
1401.330811,-538.446838,0.017900,255,0,255
1401.695923,-538.377808,0.018000,255,0,255
1402.061035,-538.308777,0.018100,255,0,255
1402.425903,-538.239746,0.018200,255,0,255
1402.791016,-538.170715,0.018300,255,0,255
1403.156006,-538.101685,0.018400,255,0,255
1403.520996,-538.032654,0.018500,255,0,255
1403.885986,-537.963684,0.018600,255,0,255
1404.251099,-537.894592,0.018700,255,0,255
1404.616089,-537.825562,0.018800,255,0,255
1404.981079,-537.756592,0.018900,255,0,255
1405.346191,-537.687500,0.019000,255,0,255
1405.711060,-537.618530,0.019100,255,0,255
1406.076172,-537.549500,0.019200,255,0,255
1406.441162,-537.480469,0.019300,255,0,255
1406.999268,-537.204346,0.019400,255,0,255
1407.364258,-537.135315,0.019500,255,0,255
1407.729248,-537.066284,0.019600,255,0,255
1408.094360,-536.997253,0.019700,255,0,255
1408.459229,-536.928223,0.019800,255,0,255
1408.824341,-536.859192,0.019900,255,0,255
1409.189331,-536.790161,0.020000,255,0,255
1409.691284,-536.629089,0.020100,255,0,255
1410.343994,-536.491028,0.020200,255,0,255
1410.705566,-536.375977,0.020300,255,0,255
1411.067017,-536.260925,0.020400,255,0,255
1411.428589,-536.145874,0.020500,255,0,255
1411.790039,-536.030884,0.020600,255,0,255
1412.169067,-535.869751,0.020700,255,0,255
1412.534180,-535.800781,0.020800,255,0,255
1412.899170,-535.731689,0.020900,255,0,255
1413.264160,-535.662720,0.021000,255,0,255
1413.629272,-535.593689,0.021100,255,0,255
1414.159180,-535.432617,0.021200,255,0,255
1414.520630,-535.317566,0.021300,255,0,255
1414.882202,-535.202515,0.021400,255,0,255
1415.243652,-535.087463,0.021500,255,0,255
1415.605225,-534.972412,0.021600,255,0,255
1416.208862,-534.719299,0.021700,255,0,255
1416.556274,-534.512207,0.021800,255,0,255
1417.209229,-534.144043,0.021900,255,0,255
1417.570679,-534.052002,0.022000,255,0,255
1417.932251,-533.959961,0.022100,255,0,255
1418.293701,-533.867981,0.022200,255,0,255
1418.655151,-533.775879,0.022300,255,0,255
1419.016724,-533.683899,0.022400,255,0,255
1419.378174,-533.591797,0.022500,255,0,255
1419.739746,-533.499817,0.022600,255,0,255
1420.101196,-533.407776,0.022700,255,0,255
1420.462769,-533.246704,0.022800,255,0,255
1420.827881,-533.154663,0.022900,255,0,255
1421.192749,-533.062622,0.023000,255,0,255
1421.557861,-532.970581,0.023100,255,0,255
1421.922852,-532.878540,0.023200,255,0,255
1422.287842,-532.786499,0.023300,255,0,255
1422.680908,-532.671448,0.023400,255,0,255
1423.042480,-532.579407,0.023500,255,0,255
1423.404053,-532.487366,0.023600,255,0,255
1423.765503,-532.395325,0.023700,255,0,255
1424.383179,-532.211243,0.023800,255,0,255
1424.748291,-532.165222,0.023900,255,0,255
1425.113159,-532.119202,0.024000,255,0,255
1425.797607,-532.004150,0.024100,255,0,255
1426.159180,-531.912170,0.024200,255,0,255
1426.520752,-531.820068,0.024300,255,0,255
1426.882202,-531.728088,0.024400,255,0,255
1427.275146,-531.589966,0.024500,255,0,255
1427.633301,-531.451965,0.024600,255,0,255
1428.265015,-531.221863,0.024700,255,0,255
1428.626465,-531.106812,0.024800,255,0,255
1429.244263,-530.899719,0.024900,255,0,255
1429.609253,-530.830688,0.025000,255,0,255
1429.984863,-530.761658,0.025100,255,0,255
1430.346313,-530.646606,0.025200,255,0,255
1430.707886,-530.531555,0.025300,255,0,255
1431.399292,-530.278442,0.025400,255,0,255
1432.438232,-530.002319,0.025500,255,0,255
1364.474731,-545.326721,0.025600,255,0,255
1364.106079,-545.326721,0.025700,255,0,255
1363.376099,-545.349731,0.025800,255,0,255
1363.011108,-545.303711,0.025900,255,0,255
1362.646118,-545.257690,0.026000,255,0,255
1362.231934,-545.188660,0.026100,255,0,255
1361.863403,-545.188660,0.026200,255,0,255
1361.494873,-545.188660,0.026300,255,0,255
1361.049194,-545.211670,0.026400,255,0,255
1360.680542,-545.211670,0.026500,255,0,255
1359.971558,-545.211670,0.026600,255,0,255
1359.603027,-545.234680,0.026700,255,0,255
1359.181885,-545.280701,0.026800,255,0,255
1358.816895,-545.349731,0.026900,255,0,255
1358.434326,-545.418701,0.027000,255,0,255
1358.069336,-545.510803,0.027100,255,0,255
1357.455078,-545.648865,0.027200,255,0,255
1357.090088,-545.740845,0.027300,255,0,255
1356.724976,-545.832886,0.027400,255,0,255
1356.240723,-545.924927,0.027500,255,0,255
1355.875732,-545.993958,0.027600,255,0,255
1355.510620,-546.063049,0.027700,255,0,255
1355.145630,-546.132019,0.027800,255,0,255
1354.566528,-546.224121,0.027900,255,0,255
1354.201416,-546.293091,0.028000,255,0,255
1353.836548,-546.362122,0.028100,255,0,255
1353.239868,-546.500183,0.028200,255,0,255
1352.874878,-546.569214,0.028300,255,0,255
1352.509766,-546.638245,0.028400,255,0,255
1352.144775,-546.707275,0.028500,255,0,255
1351.555176,-546.822327,0.028600,255,0,255
1351.186646,-546.845337,0.028700,255,0,255
1350.818115,-546.868347,0.028800,255,0,255
1350.270508,-546.891418,0.028900,255,0,255
1349.902100,-546.891418,0.029000,255,0,255
1349.533569,-546.891418,0.029100,255,0,255
1348.898315,-546.914368,0.029200,255,0,255
1348.529663,-546.891418,0.029300,255,0,255
1347.940063,-546.845337,0.029400,255,0,255
1347.571533,-546.822327,0.029500,255,0,255
1347.203125,-546.799316,0.029600,255,0,255
1346.834473,-546.776306,0.029700,255,0,255
1346.465942,-546.753296,0.029800,255,0,255
1345.756958,-546.730286,0.029900,255,0,255
1345.388428,-546.707275,0.030000,255,0,255
1345.019897,-546.684326,0.030100,255,0,255
1344.651367,-546.661255,0.030200,255,0,255
1344.082886,-546.661255,0.030300,255,0,255
1343.714355,-546.661255,0.030400,255,0,255
1343.345703,-546.661255,0.030500,255,0,255
1342.977173,-546.661255,0.030600,255,0,255
1342.380493,-546.707275,0.030700,255,0,255
1342.011963,-546.753296,0.030800,255,0,255
1341.643555,-546.799316,0.030900,255,0,255
1341.275024,-546.845337,0.031000,255,0,255
1340.692383,-546.891418,0.031100,255,0,255
1340.323730,-546.937378,0.031200,255,0,255
1339.955322,-546.983398,0.031300,255,0,255
1339.586792,-547.029419,0.031400,255,0,255
1339.042725,-547.075439,0.031500,255,0,255
1338.674194,-547.121460,0.031600,255,0,255
1338.305786,-547.167480,0.031700,255,0,255
1337.937134,-547.213501,0.031800,255,0,255
1337.568604,-547.259521,0.031900,255,0,255
1337.200073,-547.305481,0.032000,255,0,255
1336.757935,-547.305481,0.032100,255,0,255
1336.389282,-547.328552,0.032200,255,0,255
1336.020752,-547.351501,0.032300,255,0,255
1335.652344,-547.374573,0.032400,255,0,255
1335.252197,-547.397583,0.032500,255,0,255
1334.883667,-547.374573,0.032600,255,0,255
1334.515137,-547.351501,0.032700,255,0,255
1334.006226,-547.351501,0.032800,255,0,255
1333.637695,-547.351501,0.032900,255,0,255
1333.269165,-547.351501,0.033000,255,0,255
1332.609375,-547.374573,0.033100,255,0,255
1332.240845,-547.351501,0.033200,255,0,255
1331.872192,-547.328552,0.033300,255,0,255
1331.342285,-547.328552,0.033400,255,0,255
1330.977295,-547.259521,0.033500,255,0,255
1330.612183,-547.190491,0.033600,255,0,255
1329.899780,-547.098450,0.033700,255,0,255
1329.531250,-547.075439,0.033800,255,0,255
1329.162720,-547.052429,0.033900,255,0,255
1328.794189,-547.029419,0.034000,255,0,255
1328.425659,-547.006409,0.034100,255,0,255
1328.057129,-546.983398,0.034200,255,0,255
1327.565796,-546.983398,0.034300,255,0,255
1327.025269,-547.052429,0.034400,255,0,255
1326.663818,-546.937378,0.034500,255,0,255
1326.161865,-546.799316,0.034600,255,0,255
1325.803833,-546.661255,0.034700,255,0,255
1325.445923,-546.523193,0.034800,255,0,255
1325.087769,-546.385132,0.034900,255,0,255
1324.729858,-546.247070,0.035000,255,0,255
1324.371826,-546.109070,0.035100,255,0,255
1324.013916,-545.971008,0.035200,255,0,255
1323.655762,-545.832886,0.035300,255,0,255
1323.297852,-545.694885,0.035400,255,0,255
1322.897705,-545.602844,0.035500,255,0,255
1322.634521,-546.017029,0.035600,255,0,255
1322.371338,-546.431213,0.035700,255,0,255
1321.946655,-547.144409,0.035800,255,0,255
1321.377930,-547.995850,0.035900,255,0,255
1223.528687,-566.863647,0.036000,255,0,255
1223.893799,-566.817688,0.036100,255,0,255
1224.279785,-566.748596,0.036200,255,0,255
1224.644897,-566.679565,0.036300,255,0,255
1225.132690,-566.564575,0.036400,255,0,255
1225.817017,-566.403503,0.036500,255,0,255
1226.389160,-566.288391,0.036600,255,0,255
1226.757690,-566.242432,0.036700,255,0,255
1227.154297,-566.196411,0.036800,255,0,255
1227.522827,-566.150391,0.036900,255,0,255
1227.996704,-566.104370,0.037000,255,0,255
1228.365234,-566.081299,0.037100,255,0,255
1229.010986,-566.035339,0.037200,255,0,255
1229.379517,-565.989319,0.037300,255,0,255
1229.941040,-565.920227,0.037400,255,0,255
1230.899292,-565.828247,0.037500,255,0,255
1194.109741,-567.691956,0.037600,255,0,255
1193.772705,-567.922119,0.037700,255,0,255
1193.197144,-568.336304,0.037800,255,0,255
1192.860229,-568.566345,0.037900,255,0,255
1192.407471,-568.888489,0.038000,255,0,255
1192.059937,-569.095581,0.038100,255,0,255
1191.565186,-569.371704,0.038200,255,0,255
1190.919312,-569.693848,0.038300,255,0,255
1190.554321,-569.762878,0.038400,255,0,255
1190.189209,-569.831848,0.038500,255,0,255
1189.824219,-569.900940,0.038600,255,0,255
1189.459229,-569.969971,0.038700,255,0,255
1188.760742,-570.062012,0.038800,255,0,255
1188.409790,-570.246033,0.038900,255,0,255
1187.897461,-570.499146,0.039000,255,0,255
1187.528809,-570.499146,0.039100,255,0,255
1187.072510,-570.522217,0.039200,255,0,255
1186.707520,-570.591187,0.039300,255,0,255
1186.296997,-570.683289,0.039400,255,0,255
1185.945923,-570.867310,0.039500,255,0,255
1185.594971,-571.051392,0.039600,255,0,255
1185.215820,-571.235474,0.039700,255,0,255
1184.850830,-571.304504,0.039800,255,0,255
1184.485840,-571.373535,0.039900,255,0,255
1184.064697,-571.465576,0.040000,255,0,255
1183.699585,-571.534607,0.040100,255,0,255
1183.334717,-571.603638,0.040200,255,0,255
1182.899414,-571.672668,0.040300,255,0,255
1182.534424,-571.741699,0.040400,255,0,255
1181.885132,-571.879761,0.040500,255,0,255
1181.520020,-571.948792,0.040600,255,0,255
1181.155029,-572.017761,0.040700,255,0,255
1180.540771,-572.155884,0.040800,255,0,255
1179.937134,-572.270874,0.040900,255,0,255
1179.235229,-572.455017,0.041000,255,0,255
1178.870239,-572.546997,0.041100,255,0,255
1178.505127,-572.639038,0.041200,255,0,255
1178.140137,-572.731079,0.041300,255,0,255
1177.518921,-572.892151,0.041400,255,0,255
1177.153931,-572.984192,0.041500,255,0,255
1176.729248,-573.076294,0.041600,255,0,255
1176.364136,-573.168274,0.041700,255,0,255
1175.911499,-573.260315,0.041800,255,0,255
1175.549927,-573.352356,0.041900,255,0,255
1174.914673,-573.536438,0.042000,255,0,255
1174.549561,-573.628479,0.042100,255,0,255
1174.184692,-573.720520,0.042200,255,0,255
1173.535278,-573.881592,0.042300,255,0,255
1173.170410,-573.950562,0.042400,255,0,255
1172.805298,-574.019653,0.042500,255,0,255
1172.278809,-574.134705,0.042600,255,0,255
1171.913818,-574.203674,0.042700,255,0,255
1171.548828,-574.272766,0.042800,255,0,255
1171.155762,-574.318726,0.042900,255,0,255
1170.787109,-574.364746,0.043000,255,0,255
1170.418579,-574.410767,0.043100,255,0,255
1169.934326,-574.479797,0.043200,255,0,255
1169.565796,-574.525818,0.043300,255,0,255
1169.197144,-574.571838,0.043400,255,0,255
1168.663818,-574.640930,0.043500,255,0,255
1168.295166,-574.640930,0.043600,255,0,255
1167.926636,-574.640930,0.043700,255,0,255
1167.463379,-574.640930,0.043800,255,0,255
1167.094971,-574.640930,0.043900,255,0,255
1166.719360,-574.663879,0.044000,255,0,255
1166.354248,-574.732910,0.044100,255,0,255
1165.989258,-574.802002,0.044200,255,0,255
1165.624268,-574.870972,0.044300,255,0,255
1165.192627,-574.940002,0.044400,255,0,255
1164.824097,-574.940002,0.044500,255,0,255
1164.318604,-574.963074,0.044600,255,0,255
1163.953613,-575.032043,0.044700,255,0,255
1163.588623,-575.101074,0.044800,255,0,255
1163.223633,-575.170105,0.044900,255,0,255
1162.739136,-575.239136,0.045000,255,0,255
1162.370728,-575.239136,0.045100,255,0,255
1162.002197,-575.239136,0.045200,255,0,255
1161.633667,-575.239136,0.045300,255,0,255
1161.265015,-575.239136,0.045400,255,0,255
1160.858032,-575.285156,0.045500,255,0,255
1160.489502,-575.308167,0.045600,255,0,255
1160.120850,-575.331177,0.045700,255,0,255
1159.534790,-575.331177,0.045800,255,0,255
1158.832886,-575.377197,0.045900,255,0,255
1104.413574,-585.662476,0.046000,255,0,255
1104.048584,-585.731506,0.046100,255,0,255
1103.683594,-585.800537,0.046200,255,0,255
1103.318604,-585.869568,0.046300,255,0,255
1102.658691,-585.984619,0.046400,255,0,255
1102.290283,-586.007629,0.046500,255,0,255
1101.921631,-586.030640,0.046600,255,0,255
1101.553101,-586.053589,0.046700,255,0,255
1101.184570,-586.076660,0.046800,255,0,255
1100.493164,-586.145691,0.046900,255,0,255
1100.124634,-586.168701,0.047000,255,0,255
1099.756104,-586.191711,0.047100,255,0,255
1099.387573,-586.214661,0.047200,255,0,255
1099.019043,-586.237732,0.047300,255,0,255
1098.650513,-586.260681,0.047400,255,0,255
1098.267944,-586.237732,0.047500,255,0,255
1097.899414,-586.283752,0.047600,255,0,255
1097.531006,-586.329773,0.047700,255,0,255
1097.162354,-586.375793,0.047800,255,0,255
1096.793823,-586.421753,0.047900,255,0,255
1096.186646,-586.513794,0.048000,255,0,255
1095.832275,-586.674866,0.048100,255,0,255
1095.477661,-586.835938,0.048200,255,0,255
1095.074097,-586.997009,0.048300,255,0,255
1094.730103,-587.204102,0.048400,255,0,255
1094.386108,-587.411194,0.048500,255,0,255
1093.912354,-587.733337,0.048600,255,0,255
1093.582397,-587.986389,0.048700,255,0,255
1093.252441,-588.239502,0.048800,255,0,255
1092.922607,-588.492615,0.048900,255,0,255
1092.547119,-588.814758,0.049000,255,0,255
1092.217163,-589.090942,0.049100,255,0,255
1091.662598,-589.528076,0.049200,255,0,255
1091.311523,-589.712219,0.049300,255,0,255
1090.960571,-589.896240,0.049400,255,0,255
1090.609619,-590.080322,0.049500,255,0,255
1090.258545,-590.264404,0.049600,255,0,255
1089.837402,-590.448486,0.049700,255,0,255
1089.486450,-590.632507,0.049800,255,0,255
1088.998657,-590.862671,0.049900,255,0,255
1088.644165,-591.023743,0.050000,255,0,255
1088.289673,-591.184814,0.050100,255,0,255
1087.935181,-591.345825,0.050200,255,0,255
1087.580688,-591.506897,0.050300,255,0,255
1087.043701,-591.783020,0.050400,255,0,255
1086.703247,-592.013123,0.050500,255,0,255
1086.362793,-592.243225,0.050600,255,0,255
1085.692383,-592.680359,0.050700,255,0,255
1085.359009,-592.933472,0.050800,255,0,255
1085.025513,-593.186584,0.050900,255,0,255
1084.520142,-593.577820,0.051000,255,0,255
1084.162109,-593.715820,0.051100,255,0,255
1083.804077,-593.853882,0.051200,255,0,255
1083.253052,-594.060974,0.051300,255,0,255
1082.895142,-594.199036,0.051400,255,0,255
1082.537109,-594.337097,0.051500,255,0,255
1082.179077,-594.475159,0.051600,255,0,255
1081.645630,-594.705200,0.051700,255,0,255
1081.301636,-594.912292,0.051800,255,0,255
1080.708496,-595.280457,0.051900,255,0,255
1080.389160,-595.579590,0.052000,255,0,255
1080.069702,-595.878723,0.052100,255,0,255
1079.666016,-596.246887,0.052200,255,0,255
1079.353760,-596.569031,0.052300,255,0,255
1079.041382,-596.891113,0.052400,255,0,255
1078.729004,-597.213257,0.052500,255,0,255
1078.149780,-597.765503,0.052600,255,0,255
1077.841064,-598.087646,0.052700,255,0,255
1077.233887,-598.754944,0.052800,255,0,255
1076.896973,-598.984985,0.052900,255,0,255
1076.559937,-599.215149,0.053000,255,0,255
1076.201904,-599.491211,0.053100,255,0,255
1075.861450,-599.721313,0.053200,255,0,255
1075.520996,-599.951416,0.053300,255,0,255
1075.180664,-600.181519,0.053400,255,0,255
1074.784058,-600.457642,0.053500,255,0,255
1074.569946,-601.147949,0.053600,255,0,255
1074.243530,-601.424011,0.053700,255,0,255
1073.917114,-601.700134,0.053800,255,0,255
1073.590698,-601.976257,0.053900,255,0,255
1073.085205,-602.436462,0.054000,255,0,255
1072.741333,-602.643494,0.054100,255,0,255
1072.397339,-602.850586,0.054200,255,0,255
1072.053345,-603.057678,0.054300,255,0,255
1071.709473,-603.264771,0.054400,255,0,255
1071.133789,-603.678955,0.054500,255,0,255
1070.779419,-603.840027,0.054600,255,0,255
1070.424805,-604.001160,0.054700,255,0,255
1070.070435,-604.162170,0.054800,255,0,255
1069.715820,-604.323242,0.054900,255,0,255
1069.294678,-604.461243,0.055000,255,0,255
1068.940186,-604.622314,0.055100,255,0,255
1068.585815,-604.783447,0.055200,255,0,255
1067.971436,-605.082520,0.055300,255,0,255
1067.613525,-605.220642,0.055400,255,0,255
1067.255493,-605.358704,0.055500,255,0,255
1066.897583,-605.496704,0.055600,255,0,255
1066.539551,-605.634766,0.055700,255,0,255
1066.097290,-605.841858,0.055800,255,0,255
1065.753418,-606.048950,0.055900,255,0,255
1065.409302,-606.256042,0.056000,255,0,255
1064.970703,-606.532166,0.056100,255,0,255
1064.619751,-606.716248,0.056200,255,0,255
1064.268677,-606.900330,0.056300,255,0,255
1063.756226,-607.176392,0.056400,255,0,255
1063.408813,-607.383484,0.056500,255,0,255
1063.061401,-607.590576,0.056600,255,0,255
1062.713867,-607.797668,0.056700,255,0,255
1062.250610,-608.050781,0.056800,255,0,255
1061.917236,-608.303894,0.056900,255,0,255
1061.583740,-608.557007,0.057000,255,0,255
1061.137939,-608.925171,0.057100,255,0,255
1060.576416,-609.293274,0.057200,255,0,255
1060.232422,-609.500366,0.057300,255,0,255
1059.888550,-609.707458,0.057400,255,0,255
1059.544434,-609.914551,0.057500,255,0,255
1059.200562,-610.121643,0.057600,255,0,255
1058.856567,-610.328735,0.057700,255,0,255
1058.512695,-610.535828,0.057800,255,0,255
1058.172241,-610.788940,0.057900,255,0,255
1057.831787,-611.019043,0.058000,255,0,255
1057.491333,-611.249084,0.058100,255,0,255
1057.150879,-611.479248,0.058200,255,0,255
1056.810425,-611.709290,0.058300,255,0,255
1056.469971,-611.939392,0.058400,255,0,255
1056.111938,-612.192505,0.058500,255,0,255
1054.251709,-613.365967,0.058600,255,0,255
869.514221,-645.763428,0.058700,255,0,255
869.145691,-645.786499,0.058800,255,0,255
868.738586,-645.809448,0.058900,255,0,255
868.373535,-645.878479,0.059000,255,0,255
868.008484,-645.947571,0.059100,255,0,255
867.432922,-646.062561,0.059200,255,0,255
867.064331,-646.085571,0.059300,255,0,255
866.695862,-646.108643,0.059400,255,0,255
866.200989,-646.154663,0.059500,255,0,255
865.832458,-646.108643,0.059600,255,0,255
865.169128,-646.039612,0.059700,255,0,255
864.800537,-646.062561,0.059800,255,0,255
864.379395,-646.108643,0.059900,255,0,255
864.014404,-646.177612,0.060000,255,0,255
863.347473,-646.292664,0.060100,255,0,255
862.982483,-646.361755,0.060200,255,0,255
862.403442,-646.499756,0.060300,255,0,255
862.034851,-646.522766,0.060400,255,0,255
861.666382,-646.545776,0.060500,255,0,255
861.171448,-646.614868,0.060600,255,0,255
860.806458,-646.683838,0.060700,255,0,255
860.441406,-646.752869,0.060800,255,0,255
860.076416,-646.821960,0.060900,255,0,255
859.420044,-646.890930,0.061000,255,0,255
859.051575,-646.913940,0.061100,255,0,255
858.433777,-646.982971,0.061200,255,0,255
858.068787,-647.052002,0.061300,255,0,255
857.398438,-647.167053,0.061400,255,0,255
857.036926,-647.282043,0.061500,255,0,255
856.499939,-647.443115,0.061600,255,0,255
856.138428,-647.558228,0.061700,255,0,255
855.776917,-647.673279,0.061800,255,0,255
855.415405,-647.788330,0.061900,255,0,255
855.022339,-647.926392,0.062000,255,0,255
854.660767,-648.041443,0.062100,255,0,255
854.046570,-648.225464,0.062200,255,0,255
853.685059,-648.340576,0.062300,255,0,255
852.979614,-648.593628,0.062400,255,0,255
852.614624,-648.685669,0.062500,255,0,255
852.249573,-648.777710,0.062600,255,0,255
851.779297,-648.892761,0.062700,255,0,255
851.414246,-648.984802,0.062800,255,0,255
851.049194,-649.076843,0.062900,255,0,255
850.684204,-649.168884,0.063000,255,0,255
849.992798,-649.352966,0.063100,255,0,255
848.732788,-649.491028,0.063200,255,0,255
826.112183,-652.045105,0.063300,255,0,255
825.754211,-652.183105,0.063400,255,0,255
825.396179,-652.321167,0.063500,255,0,255
824.753906,-652.528259,0.063600,255,0,255
824.385376,-652.574280,0.063700,255,0,255
823.715027,-652.643311,0.063800,255,0,255
823.346497,-652.643311,0.063900,255,0,255
822.977966,-652.643311,0.064000,255,0,255
822.553284,-652.666382,0.064100,255,0,255
822.188232,-652.758362,0.064200,255,0,255
821.577576,-652.919434,0.064300,255,0,255
821.219543,-653.057495,0.064400,255,0,255
820.570251,-653.310608,0.064500,255,0,255
820.205200,-653.379639,0.064600,255,0,255
819.840210,-653.448669,0.064700,255,0,255
819.415527,-653.494629,0.064800,255,0,255
819.050476,-653.540649,0.064900,255,0,255
818.685486,-653.586731,0.065000,255,0,255
818.320496,-653.632751,0.065100,255,0,255
817.955444,-653.678772,0.065200,255,0,255
817.421936,-653.770813,0.065300,255,0,255
817.060486,-653.862854,0.065400,255,0,255
816.477844,-654.023926,0.065500,255,0,255
816.112793,-654.069885,0.065600,255,0,255
815.747803,-654.115906,0.065700,255,0,255
815.382812,-654.161926,0.065800,255,0,255
814.835266,-654.253967,0.065900,255,0,255
814.473755,-654.369019,0.066000,255,0,255
814.112244,-654.484070,0.066100,255,0,255
813.750732,-654.599182,0.066200,255,0,255
813.389221,-654.714172,0.066300,255,0,255
812.961060,-654.898254,0.066400,255,0,255
812.596008,-654.967285,0.066500,255,0,255
812.231018,-655.036316,0.066600,255,0,255
811.866028,-655.105347,0.066700,255,0,255
811.455322,-655.220398,0.066800,255,0,255
811.086792,-655.266357,0.066900,255,0,255
810.718262,-655.312439,0.067000,255,0,255
810.139160,-655.381470,0.067100,255,0,255
809.770630,-655.381470,0.067200,255,0,255
809.402100,-655.381470,0.067300,255,0,255
809.033630,-655.381470,0.067400,255,0,255
808.665039,-655.381470,0.067500,255,0,255
808.296570,-655.381470,0.067600,255,0,255
807.794678,-655.358459,0.067700,255,0,255
807.426086,-655.381470,0.067800,255,0,255
807.057617,-655.404480,0.067900,255,0,255
806.689026,-655.427490,0.068000,255,0,255
806.246826,-655.427490,0.068100,255,0,255
805.878296,-655.473450,0.068200,255,0,255
805.509766,-655.519531,0.068300,255,0,255
805.141235,-655.565552,0.068400,255,0,255
804.544617,-655.611572,0.068500,255,0,255
804.176025,-655.611572,0.068600,255,0,255
803.807556,-655.611572,0.068700,255,0,255
803.179260,-655.634521,0.068800,255,0,255
802.810791,-655.680542,0.068900,255,0,255
802.442200,-655.726562,0.069000,255,0,255
802.073730,-655.772644,0.069100,255,0,255
801.427856,-655.841614,0.069200,255,0,255
801.062866,-655.910706,0.069300,255,0,255
800.697815,-655.979675,0.069400,255,0,255
800.259155,-656.094727,0.069500,255,0,255
799.894104,-656.186768,0.069600,255,0,255
799.529114,-656.278870,0.069700,255,0,255
799.164124,-656.370911,0.069800,255,0,255
798.718384,-656.439880,0.069900,255,0,255
798.353271,-656.508911,0.070000,255,0,255
797.988281,-656.578003,0.070100,255,0,255
797.518005,-656.669983,0.070200,255,0,255
797.163513,-656.831055,0.070300,255,0,255
796.809021,-656.992188,0.070400,255,0,255
796.342224,-657.222229,0.070500,255,0,255
795.977234,-657.314270,0.070600,255,0,255
795.612183,-657.406250,0.070700,255,0,255
795.247131,-657.498352,0.070800,255,0,255
794.882141,-657.590393,0.070900,255,0,255
794.253906,-657.751465,0.071000,255,0,255
793.885376,-657.797485,0.071100,255,0,255
793.516846,-657.843506,0.071200,255,0,255
793.148315,-657.889526,0.071300,255,0,255
792.779785,-657.935547,0.071400,255,0,255
792.390198,-657.935547,0.071500,255,0,255
792.021667,-657.935547,0.071600,255,0,255
791.358337,-657.935547,0.071700,255,0,255
790.989746,-657.912476,0.071800,255,0,255
790.621277,-657.889526,0.071900,255,0,255
790.200073,-657.866455,0.072000,255,0,255
789.831543,-657.820435,0.072100,255,0,255
789.463013,-657.774475,0.072200,255,0,255
789.076965,-657.728455,0.072300,255,0,255
788.711914,-657.659363,0.072400,255,0,255
788.346924,-657.590393,0.072500,255,0,255
787.981934,-657.521362,0.072600,255,0,255
787.616882,-657.452332,0.072700,255,0,255
787.251892,-657.383301,0.072800,255,0,255
786.886841,-657.314270,0.072900,255,0,255
786.521790,-657.245239,0.073000,255,0,255
786.090149,-657.199158,0.073100,255,0,255
784.833618,-656.900085,0.073200,255,0,255
549.355103,-739.274353,0.073300,255,0,255
549.007629,-739.090271,0.073400,255,0,255
548.660156,-738.906189,0.073500,255,0,255
548.312683,-738.722168,0.073600,255,0,255
547.965271,-738.538025,0.073700,255,0,255
547.617737,-738.353943,0.073800,255,0,255
547.270325,-738.169861,0.073900,255,0,255
546.922791,-737.985779,0.074000,255,0,255
546.575378,-737.801758,0.074100,255,0,255
546.020813,-737.433594,0.074200,255,0,255
545.683899,-737.203430,0.074300,255,0,255
545.346924,-736.973389,0.074400,255,0,255
545.010010,-736.743286,0.074500,255,0,255
544.673096,-736.513184,0.074600,255,0,255
544.336121,-736.283081,0.074700,255,0,255
543.999207,-736.052979,0.074800,255,0,255
543.662231,-735.822937,0.074900,255,0,255
543.325317,-735.592834,0.075000,255,0,255
542.672485,-735.086609,0.075100,255,0,255
542.321472,-734.902527,0.075200,255,0,255
541.970520,-734.718445,0.075300,255,0,255
541.619568,-734.534363,0.075400,255,0,255
541.268555,-734.350342,0.075500,255,0,255
540.917603,-734.166199,0.075600,255,0,255
540.566589,-733.982178,0.075700,255,0,255
540.215576,-733.798035,0.075800,255,0,255
539.710205,-733.475952,0.075900,255,0,255
539.369751,-733.245850,0.076000,255,0,255
539.029297,-733.015747,0.076100,255,0,255
538.688843,-732.785645,0.076200,255,0,255
538.348450,-732.555542,0.076300,255,0,255
537.835999,-732.187378,0.076400,255,0,255
537.516602,-731.888245,0.076500,255,0,255
537.197205,-731.589172,0.076600,255,0,255
536.877808,-731.290039,0.076700,255,0,255
536.537354,-730.967896,0.076800,255,0,255
536.217957,-730.668762,0.076900,255,0,255
535.898621,-730.369629,0.077000,255,0,255
535.319458,-729.840393,0.077100,255,0,255
535.000061,-729.541260,0.077200,255,0,255
534.680664,-729.242188,0.077300,255,0,255
534.361328,-728.943054,0.077400,255,0,255
533.866455,-728.459839,0.077500,255,0,255
533.536499,-728.206726,0.077600,255,0,255
533.206543,-727.953613,0.077700,255,0,255
532.648560,-727.493408,0.077800,255,0,255
532.332642,-727.194275,0.077900,255,0,255
531.809692,-726.688110,0.078000,255,0,255
531.476257,-726.434998,0.078100,255,0,255
531.142822,-726.181885,0.078200,255,0,255
530.809448,-725.928772,0.078300,255,0,255
530.454956,-725.629639,0.078400,255,0,255
530.135559,-725.330566,0.078500,255,0,255
529.816162,-725.031433,0.078600,255,0,255
529.416016,-724.640259,0.078700,255,0,255
529.096619,-724.341125,0.078800,255,0,255
528.777222,-724.041992,0.078900,255,0,255
528.457825,-723.742859,0.079000,255,0,255
528.138428,-723.443787,0.079100,255,0,255
527.819092,-723.144653,0.079200,255,0,255
527.499695,-722.845520,0.079300,255,0,255
527.180298,-722.546387,0.079400,255,0,255
526.860840,-722.247253,0.079500,255,0,255
526.541504,-721.948120,0.079600,255,0,255
526.222107,-721.648987,0.079700,255,0,255
525.902710,-721.349854,0.079800,255,0,255
525.400818,-720.935669,0.079900,255,0,255
525.081421,-720.636597,0.080000,255,0,255
524.762024,-720.337463,0.080100,255,0,255
524.442688,-720.038330,0.080200,255,0,255
524.077637,-719.716187,0.080300,255,0,255
523.786316,-719.348022,0.080400,255,0,255
523.494995,-718.979919,0.080500,255,0,255
522.979065,-718.312622,0.080600,255,0,255
522.722839,-717.875427,0.080700,255,0,255
522.466614,-717.438232,0.080800,255,0,255
521.999817,-716.678955,0.080900,255,0,255
519.774658,-713.618652,0.081000,255,0,255
484.023987,-670.544739,0.081100,255,0,255
483.704559,-670.245667,0.081200,255,0,255
483.111420,-669.693420,0.081300,255,0,255
482.893799,-669.210205,0.081400,255,0,255
482.676208,-668.726990,0.081500,255,0,255
482.458588,-668.243774,0.081600,255,0,255
482.240967,-667.760620,0.081700,255,0,255
482.023376,-667.277405,0.081800,255,0,255
481.774170,-666.702209,0.081900,255,0,255
481.532013,-666.242004,0.082000,255,0,255
481.289856,-665.781799,0.082100,255,0,255
481.047638,-665.321594,0.082200,255,0,255
480.805481,-664.861389,0.082300,255,0,255
480.563324,-664.401245,0.082400,255,0,255
480.142151,-663.618896,0.082500,255,0,255
479.987701,-663.066650,0.082600,255,0,255
479.833282,-662.514404,0.082700,255,0,255
479.678864,-661.962219,0.082800,255,0,255
479.524414,-661.409973,0.082900,255,0,255
479.369965,-660.857788,0.083000,255,0,255
479.138336,-660.052368,0.083100,255,0,255
478.948792,-659.546143,0.083200,255,0,255
478.759277,-659.039978,0.083300,255,0,255
478.569733,-658.533752,0.083400,255,0,255
478.295990,-657.751465,0.083500,255,0,255
478.085388,-657.268250,0.083600,255,0,255
477.874817,-656.785095,0.083700,255,0,255
477.664246,-656.301819,0.083800,255,0,255
477.439606,-655.749634,0.083900,255,0,255
477.232544,-655.243408,0.084000,255,0,255
477.000885,-654.691162,0.084100,255,0,255
476.811371,-654.184998,0.084200,255,0,255
476.442841,-653.172546,0.084300,255,0,255
476.253296,-652.666382,0.084400,255,0,255
475.881287,-651.653931,0.084500,255,0,255
475.670685,-651.147644,0.084600,255,0,255
475.460114,-650.641479,0.084700,255,0,255
475.249512,-650.135254,0.084800,255,0,255
475.038910,-649.629028,0.084900,255,0,255
474.821320,-649.145874,0.085000,255,0,255
474.659851,-648.593628,0.085100,255,0,255
474.498383,-648.041443,0.085200,255,0,255
474.336945,-647.489136,0.085300,255,0,255
474.175507,-646.936951,0.085400,255,0,255
474.014038,-646.384705,0.085500,255,0,255
473.701691,-645.349243,0.085600,255,0,255
473.554291,-644.797058,0.085700,255,0,255
473.406860,-644.244812,0.085800,255,0,255
473.259460,-643.692627,0.085900,255,0,255
473.073425,-642.979309,0.086000,255,0,255
472.947083,-642.404053,0.086100,255,0,255
472.820709,-641.828857,0.086200,255,0,255
472.694366,-641.253601,0.086300,255,0,255
472.568024,-640.678345,0.086400,255,0,255
472.441650,-640.103149,0.086500,255,0,255
472.181946,-639.021667,0.086600,255,0,255
472.094177,-638.446411,0.086700,255,0,255
472.006439,-637.871216,0.086800,255,0,255
471.918732,-637.295959,0.086900,255,0,255
471.830994,-636.651733,0.087000,255,0,255
471.746735,-636.053406,0.087100,255,0,255
471.599335,-635.018005,0.087200,255,0,255
471.522095,-634.419739,0.087300,255,0,255
471.374695,-633.292297,0.087400,255,0,255
471.255371,-632.717041,0.087500,255,0,255
471.132507,-632.141785,0.087600,255,0,255
470.942993,-631.635559,0.087700,255,0,255
470.634125,-630.784241,0.087800,255,0,255
470.514801,-630.208984,0.087900,255,0,255
470.395447,-629.633789,0.088000,255,0,255
470.251587,-628.966492,0.088100,255,0,255
470.181366,-628.368225,0.088200,255,0,255
470.111145,-627.769958,0.088300,255,0,255
470.040985,-627.171753,0.088400,255,0,255
469.970764,-626.573486,0.088500,255,0,255
469.900574,-625.975220,0.088600,255,0,255
469.830383,-625.376953,0.088700,255,0,255
469.760193,-624.778748,0.088800,255,0,255
469.690002,-624.180481,0.088900,255,0,255
469.563660,-623.214111,0.089000,255,0,255
469.514526,-622.615845,0.089100,255,0,255
469.465363,-622.017578,0.089200,255,0,255
469.384674,-621.074219,0.089300,255,0,255
469.328491,-620.475952,0.089400,255,0,255
469.272339,-619.877686,0.089500,255,0,255
469.216187,-619.279419,0.089600,255,0,255
469.160004,-618.612183,0.089700,255,0,255
469.149475,-618.013916,0.089800,255,0,255
469.138947,-617.415710,0.089900,255,0,255
469.128418,-616.817444,0.090000,255,0,255
469.117889,-616.219177,0.090100,255,0,255
469.100372,-615.367798,0.090200,255,0,255
469.075775,-614.769592,0.090300,255,0,255
469.047729,-614.056274,0.090400,255,0,255
468.882751,-613.527039,0.090500,255,0,255
468.675659,-612.836792,0.090600,255,0,255
468.626556,-612.238525,0.090700,255,0,255
468.577393,-611.640259,0.090800,255,0,255
468.486145,-610.604858,0.090900,255,0,255
468.521240,-610.006592,0.091000,255,0,255
468.556335,-609.408325,0.091100,255,0,255
468.591431,-608.810120,0.091200,255,0,255
468.626556,-608.211853,0.091300,255,0,255
468.661621,-607.613647,0.091400,255,0,255
468.689728,-606.992371,0.091500,255,0,255
468.756409,-606.394043,0.091600,255,0,255
468.823059,-605.795837,0.091700,255,0,255
468.900299,-605.082520,0.091800,255,0,255
468.988037,-604.507324,0.091900,255,0,255
469.075775,-603.932068,0.092000,255,0,255
469.163544,-603.356812,0.092100,255,0,255
469.300415,-602.459473,0.092200,255,0,255
469.391663,-601.884216,0.092300,255,0,255
469.482910,-601.308960,0.092400,255,0,255
469.574188,-600.733765,0.092500,255,0,255
469.690002,-599.974426,0.092600,255,0,255
469.812836,-599.399170,0.092700,255,0,255
469.935699,-598.823914,0.092800,255,0,255
470.069031,-598.202698,0.092900,255,0,255
470.226990,-597.650452,0.093000,255,0,255
470.384918,-597.098206,0.093100,255,0,255
470.683289,-596.062805,0.093200,255,0,255
470.834198,-595.510620,0.093300,255,0,255
471.058807,-594.705200,0.093400,255,0,255
471.395752,-593.784851,0.093500,255,0,255
471.613373,-593.301636,0.093600,255,0,255
471.981903,-592.473267,0.093700,255,0,255
472.346893,-591.875061,0.093800,255,0,255
472.810181,-591.230835,0.093900,255,0,255
499.256470,-567.346863,0.094000,255,0,255
498.887909,-567.369873,0.094100,255,0,255
498.438660,-567.415894,0.094200,255,0,255
498.070099,-567.461914,0.094300,255,0,255
497.701599,-567.507935,0.094400,255,0,255
497.333038,-567.553955,0.094500,255,0,255
496.890839,-567.576965,0.094600,255,0,255
496.525848,-567.645935,0.094700,255,0,255
496.160767,-567.715027,0.094800,255,0,255
495.795776,-567.784058,0.094900,255,0,255
495.430756,-567.853027,0.095000,255,0,255
495.065735,-567.922119,0.095100,255,0,255
494.700745,-567.991150,0.095200,255,0,255
494.335724,-568.060120,0.095300,255,0,255
493.970703,-568.129211,0.095400,255,0,255
493.605652,-568.198242,0.095500,255,0,255
493.240631,-568.267212,0.095600,255,0,255
492.872131,-568.359253,0.095700,255,0,255
489.923920,-569.164673,0.095800,255,0,255
602.953003,-574.203674,0.095900,255,0,255
603.321594,-574.226746,0.096000,255,0,255
603.690063,-574.249756,0.096100,255,0,255
604.058655,-574.272766,0.096200,255,0,255
604.427124,-574.295776,0.096300,255,0,255
604.795715,-574.318726,0.096400,255,0,255
605.164185,-574.341797,0.096500,255,0,255
605.532715,-574.364746,0.096600,255,0,255
605.901245,-574.387817,0.096700,255,0,255
606.269775,-574.410767,0.096800,255,0,255
606.638306,-574.433838,0.096900,255,0,255
607.006836,-574.456787,0.097000,255,0,255
607.375366,-574.479797,0.097100,255,0,255
607.743896,-574.502869,0.097200,255,0,255
608.284363,-574.433838,0.097300,255,0,255
608.652954,-574.387817,0.097400,255,0,255
609.021423,-574.341797,0.097500,255,0,255
609.390015,-574.295776,0.097600,255,0,255
609.758484,-574.249756,0.097700,255,0,255
610.127075,-574.203674,0.097800,255,0,255
610.495544,-574.157654,0.097900,255,0,255
610.864136,-574.111633,0.098000,255,0,255
611.453735,-574.065674,0.098100,255,0,255
611.804688,-573.881592,0.098200,255,0,255
612.155701,-573.697449,0.098300,255,0,255
612.506653,-573.513428,0.098400,255,0,255
612.857666,-573.329346,0.098500,255,0,255
613.208679,-573.145264,0.098600,255,0,255
613.559570,-572.961182,0.098700,255,0,255
614.015869,-572.800110,0.098800,255,0,255
614.359802,-572.570068,0.098900,255,0,255
614.703857,-572.339905,0.099000,255,0,255
615.047791,-572.109863,0.099100,255,0,255
615.391724,-571.879761,0.099200,255,0,255
615.735657,-571.649658,0.099300,255,0,255
616.079651,-571.419556,0.099400,255,0,255
616.665771,-571.097473,0.099500,255,0,255
617.009766,-570.890381,0.099600,255,0,255
617.353699,-570.683289,0.099700,255,0,255
617.697632,-570.476196,0.099800,255,0,255
618.041626,-570.269104,0.099900,255,0,255
618.385559,-570.062012,0.100000,255,0,255
618.729492,-569.854919,0.100100,255,0,255
619.273560,-569.440735,0.100200,255,0,255
619.575378,-569.095581,0.100300,255,0,255
619.877258,-568.750488,0.100400,255,0,255
620.179077,-568.405273,0.100500,255,0,255
620.737122,-567.761047,0.100600,255,0,255
621.014404,-567.369873,0.100700,255,0,255
621.291687,-566.978760,0.100800,255,0,255
621.568970,-566.587524,0.100900,255,0,255
621.846191,-566.196411,0.101000,255,0,255
622.151611,-565.759155,0.101100,255,0,255
622.456909,-565.437073,0.101200,255,0,255
622.762268,-565.114929,0.101300,255,0,255
623.067627,-564.792847,0.101400,255,0,255
623.530884,-564.263611,0.101500,255,0,255
623.874878,-564.056519,0.101600,255,0,255
624.218872,-563.849426,0.101700,255,0,255
624.562805,-563.642334,0.101800,255,0,255
625.222595,-563.205139,0.101900,255,0,255
625.577087,-563.044067,0.102000,255,0,255
625.931641,-562.882996,0.102100,255,0,255
626.286133,-562.721924,0.102200,255,0,255
626.921387,-562.422791,0.102300,255,0,255
627.282898,-562.307739,0.102400,255,0,255
627.644409,-562.192749,0.102500,255,0,255
628.005859,-562.077698,0.102600,255,0,255
628.367371,-561.962646,0.102700,255,0,255
628.950012,-561.755554,0.102800,255,0,255
629.315002,-561.663513,0.102900,255,0,255
629.680054,-561.571472,0.103000,255,0,255
630.045105,-561.479431,0.103100,255,0,255
630.410095,-561.387329,0.103200,255,0,255
630.775085,-561.295349,0.103300,255,0,255
631.140137,-561.203308,0.103400,255,0,255
631.505127,-561.111267,0.103500,255,0,255
631.870117,-561.019226,0.103600,255,0,255
632.235229,-560.927246,0.103700,255,0,255
632.870483,-560.789124,0.103800,255,0,255
633.224976,-560.628052,0.103900,255,0,255
633.579407,-560.467041,0.104000,255,0,255
633.933899,-560.305969,0.104100,255,0,255
634.288391,-560.144897,0.104200,255,0,255
634.642883,-559.983826,0.104300,255,0,255
634.997437,-559.822693,0.104400,255,0,255
635.527405,-559.523621,0.104500,255,0,255
635.874817,-559.316528,0.104600,255,0,255
636.222290,-559.109436,0.104700,255,0,255
636.569763,-558.902344,0.104800,255,0,255
636.917236,-558.695251,0.104900,255,0,255
637.264709,-558.488159,0.105000,255,0,255
637.612183,-558.281128,0.105100,255,0,255
637.959656,-558.074036,0.105200,255,0,255
638.598389,-557.705872,0.105300,255,0,255
638.928345,-557.429749,0.105400,255,0,255
639.258301,-557.153625,0.105500,255,0,255
639.588196,-556.877502,0.105600,255,0,255
639.918091,-556.601440,0.105700,255,0,255
640.409485,-556.256226,0.105800,255,0,255
640.746399,-556.003113,0.105900,255,0,255
641.083374,-555.750000,0.106000,255,0,255
641.658936,-555.358887,0.106100,255,0,255
641.985352,-555.082764,0.106200,255,0,255
642.311768,-554.806641,0.106300,255,0,255
642.638184,-554.530518,0.106400,255,0,255
643.006714,-554.231384,0.106500,255,0,255
643.343628,-553.978271,0.106600,255,0,255
643.680603,-553.725220,0.106700,255,0,255
644.217590,-553.334045,0.106800,255,0,255
644.940613,-552.850830,0.106900,255,0,255
765.038452,-489.574524,0.107000,255,0,255
765.406982,-489.551514,0.107100,255,0,255
765.891296,-489.528503,0.107200,255,0,255
766.252869,-489.643555,0.107300,255,0,255
766.628357,-489.781616,0.107400,255,0,255
767.070557,-489.850647,0.107500,255,0,255
767.418091,-489.666565,0.107600,255,0,255
767.765503,-489.482513,0.107700,255,0,255
768.162109,-489.252411,0.107800,255,0,255
768.509644,-489.068329,0.107900,255,0,255
768.860596,-488.861237,0.108000,255,0,255
769.225586,-488.769196,0.108100,255,0,255
769.850342,-488.631134,0.108200,255,0,255
770.836609,-488.263000,0.108300,255,0,255
772.489685,-487.503662,0.108400,255,0,255
772.847717,-487.365631,0.108500,255,0,255
773.205688,-487.227539,0.108600,255,0,255
773.563721,-487.089508,0.108700,255,0,255
773.921692,-486.951447,0.108800,255,0,255
774.279663,-486.813385,0.108900,255,0,255
774.978149,-486.606293,0.109000,255,0,255
775.339661,-486.491241,0.109100,255,0,255
775.701172,-486.376221,0.109200,255,0,255
776.076721,-486.261139,0.109300,255,0,255
776.399658,-485.962036,0.109400,255,0,255
776.922546,-485.501831,0.109500,255,0,255
777.280518,-485.363800,0.109600,255,0,255
777.736816,-485.202728,0.109700,255,0,255
778.101868,-485.133698,0.109800,255,0,255
778.466919,-485.064636,0.109900,255,0,255
779.003845,-484.995636,0.110000,255,0,255
779.723389,-484.880585,0.110100,255,0,255
780.053284,-484.466400,0.110200,255,0,255
780.390259,-484.236328,0.110300,255,0,255
780.941284,-483.845154,0.110400,255,0,255
781.306274,-483.776123,0.110500,255,0,255
781.906494,-483.638062,0.110600,255,0,255
782.211792,-483.476990,0.110700,255,0,255
782.573303,-483.361938,0.110800,255,0,255
782.934814,-483.246918,0.110900,255,0,255
783.296387,-483.131836,0.111000,255,0,255
783.678894,-483.016815,0.111100,255,0,255
784.036926,-482.878723,0.111200,255,0,255
784.394897,-482.740692,0.111300,255,0,255
784.752930,-482.602631,0.111400,255,0,255
785.384644,-482.349518,0.111500,255,0,255
785.742676,-482.211487,0.111600,255,0,255
786.384949,-481.958374,0.111700,255,0,255
786.742981,-481.820312,0.111800,255,0,255
787.381714,-481.590210,0.111900,255,0,255
787.746704,-481.498199,0.112000,255,0,255
788.111755,-481.406128,0.112100,255,0,255
788.718994,-481.291107,0.112200,255,0,255
789.410339,-481.061005,0.112300,255,0,255
789.771851,-480.968933,0.112400,255,0,255
790.266785,-480.830902,0.112500,255,0,255
790.635254,-480.853912,0.112600,255,0,255
791.326721,-480.922913,0.112700,255,0,255
791.853210,-480.600800,0.112800,255,0,255
792.190125,-480.370697,0.112900,255,0,255
792.527039,-480.140594,0.113000,255,0,255
792.864014,-479.910522,0.113100,255,0,255
793.278198,-479.588379,0.113200,255,0,255
793.629150,-479.404297,0.113300,255,0,255
793.980103,-479.220215,0.113400,255,0,255
794.499573,-478.944122,0.113500,255,0,255
794.850525,-478.760040,0.113600,255,0,255
795.201538,-478.575958,0.113700,255,0,255
795.552490,-478.391876,0.113800,255,0,255
795.903503,-478.207794,0.113900,255,0,255
796.254456,-478.023712,0.114000,255,0,255
796.717773,-477.747620,0.114100,255,0,255
797.082764,-477.678589,0.114200,255,0,255
797.447754,-477.609558,0.114300,255,0,255
797.812805,-477.540527,0.114400,255,0,255
798.490234,-477.402466,0.114500,255,0,255
798.851685,-477.287415,0.114600,255,0,255
799.213196,-477.172394,0.114700,255,0,255
799.574707,-477.057312,0.114800,255,0,255
799.936218,-476.942291,0.114900,255,0,255
800.455688,-476.735199,0.115000,255,0,255
800.824158,-476.712189,0.115100,255,0,255
801.192749,-476.689178,0.115200,255,0,255
801.898193,-476.689178,0.115300,255,0,255
802.263245,-476.620117,0.115400,255,0,255
802.628235,-476.551117,0.115500,255,0,255
802.993225,-476.482086,0.115600,255,0,255
803.358276,-476.413086,0.115700,255,0,255
803.856628,-476.344025,0.115800,255,0,255
804.225220,-476.367035,0.115900,255,0,255
804.593689,-476.390076,0.116000,255,0,255
804.962280,-476.413086,0.116100,255,0,255
805.593994,-476.436066,0.116200,255,0,255
805.962524,-476.436066,0.116300,255,0,255
806.397766,-476.459076,0.116400,255,0,255
806.762756,-476.390076,0.116500,255,0,255
807.127747,-476.321014,0.116600,255,0,255
807.492798,-476.251984,0.116700,255,0,255
807.857849,-476.182983,0.116800,255,0,255
808.222839,-476.113922,0.116900,255,0,255
808.773865,-476.044891,0.117000,255,0,255
809.107300,-475.791809,0.117100,255,0,255
809.440735,-475.538696,0.117200,255,0,255
810.058411,-475.055481,0.117300,255,0,255
810.402405,-474.848419,0.117400,255,0,255
810.855164,-474.549286,0.117500,255,0,255
811.178040,-474.250183,0.117600,255,0,255
811.637878,-473.835999,0.117700,255,0,255
811.974792,-473.605896,0.117800,255,0,255
812.515320,-473.214722,0.117900,255,0,255
813.171631,-472.731506,0.118000,255,0,255
813.870056,-472.524445,0.118100,255,0,255
814.540466,-472.524445,0.118200,255,0,255
814.894897,-472.363373,0.118300,255,0,255
815.368774,-472.133270,0.118400,255,0,255
815.730286,-472.018219,0.118500,255,0,255
816.130371,-471.903198,0.118600,255,0,255
816.512939,-472.018219,0.118700,255,0,255
816.856873,-472.524445,0.118800,255,0,255
817.218445,-472.409393,0.118900,255,0,255
817.899292,-472.179291,0.119000,255,0,255
818.260803,-472.064270,0.119100,255,0,255
818.787292,-471.903198,0.119200,255,0,255
819.152283,-471.949188,0.119300,255,0,255
819.576965,-472.018219,0.119400,255,0,255
819.938477,-471.926178,0.119500,255,0,255
820.300049,-471.834167,0.119600,255,0,255
820.661499,-471.742096,0.119700,255,0,255
821.110779,-471.604065,0.119800,255,0,255
821.479309,-471.604065,0.119900,255,0,255
821.900513,-471.627075,0.120000,255,0,255
822.251404,-471.442993,0.120100,255,0,255
822.918335,-471.074860,0.120200,255,0,255
823.588684,-471.028809,0.120300,255,0,255
823.946655,-470.890778,0.120400,255,0,255
824.304688,-470.752686,0.120500,255,0,255
824.662659,-470.614655,0.120600,255,0,255
825.073303,-470.453583,0.120700,255,0,255
825.438293,-470.407562,0.120800,255,0,255
825.803345,-470.361542,0.120900,255,0,255
826.329834,-470.269501,0.121000,255,0,255
826.684265,-470.108459,0.121100,255,0,255
827.038757,-469.947388,0.121200,255,0,255
827.393311,-469.786285,0.121300,255,0,255
827.972351,-469.487183,0.121400,255,0,255
828.267212,-469.119019,0.121500,255,0,255
828.842834,-468.405701,0.121600,255,0,255
829.204346,-468.313690,0.121700,255,0,255
829.671143,-468.175659,0.121800,255,0,255
829.948425,-467.784485,0.121900,255,0,255
830.225647,-467.393311,0.122000,255,0,255
830.502930,-467.002167,0.122100,255,0,255
830.780212,-466.610992,0.122200,255,0,255
831.057495,-466.219818,0.122300,255,0,255
831.334778,-465.828674,0.122400,255,0,255
831.703308,-465.253418,0.122500,255,0,255
832.012146,-464.931274,0.122600,255,0,255
832.321045,-464.609161,0.122700,255,0,255
832.629883,-464.287048,0.122800,255,0,255
832.938782,-463.964874,0.122900,255,0,255
833.247559,-463.642761,0.123000,255,0,255
833.556458,-463.320587,0.123100,255,0,255
833.953064,-462.837402,0.123200,255,0,255
834.251404,-462.492279,0.123300,255,0,255
834.549744,-462.147125,0.123400,255,0,255
835.121826,-461.456848,0.123500,255,0,255
835.479797,-461.318787,0.123600,255,0,255
836.002808,-461.134705,0.123700,255,0,255
836.329224,-460.858582,0.123800,255,0,255
836.655579,-460.582458,0.123900,255,0,255
836.981995,-460.306366,0.124000,255,0,255
837.427795,-459.938232,0.124100,255,0,255
837.733093,-459.593079,0.124200,255,0,255
838.038452,-459.247925,0.124300,255,0,255
838.480713,-458.764740,0.124400,255,0,255
838.824646,-458.557648,0.124500,255,0,255
839.168579,-458.350555,0.124600,255,0,255
839.702087,-458.028442,0.124700,255,0,255
840.253174,-458.097443,0.124800,255,0,255
840.849792,-457.660248,0.124900,255,0,255
841.120056,-457.246094,0.125000,255,0,255
841.390259,-456.831940,0.125100,255,0,255
841.660522,-456.417755,0.125200,255,0,255
842.032593,-455.888519,0.125300,255,0,255
842.376526,-455.681458,0.125400,255,0,255
842.720459,-455.474365,0.125500,255,0,255
843.313721,-455.106171,0.125600,255,0,255
843.854187,-454.415924,0.125700,255,0,255
844.180603,-454.139771,0.125800,255,0,255
844.506958,-453.863678,0.125900,255,0,255
845.001892,-453.449524,0.126000,255,0,255
845.637146,-453.472534,0.126100,255,0,255
845.960022,-453.173401,0.126200,255,0,255
846.282898,-452.874268,0.126300,255,0,255
846.819946,-452.391052,0.126400,255,0,255
847.128784,-452.068939,0.126500,255,0,255
847.437683,-451.746826,0.126600,255,0,255
847.746521,-451.424652,0.126700,255,0,255
848.055359,-451.079529,0.126800,255,0,255
848.406372,-450.895447,0.126900,255,0,255
848.757385,-450.711365,0.127000,255,0,255
849.164490,-450.504272,0.127100,255,0,255
849.497925,-450.251160,0.127200,255,0,255
849.831360,-449.998077,0.127300,255,0,255
850.164734,-449.744965,0.127400,255,0,255
850.498169,-449.491852,0.127500,255,0,255
850.898315,-449.215759,0.127600,255,0,255
851.256287,-449.077698,0.127700,255,0,255
851.863525,-448.870605,0.127800,255,0,255
852.196960,-448.617523,0.127900,255,0,255
852.530396,-448.364410,0.128000,255,0,255
852.863770,-448.111298,0.128100,255,0,255
853.197205,-447.858215,0.128200,255,0,255
853.530640,-447.605103,0.128300,255,0,255
853.983398,-447.213928,0.128400,255,0,255
854.313354,-446.960815,0.128500,255,0,255
854.643250,-446.707703,0.128600,255,0,255
854.973145,-446.454620,0.128700,255,0,255
855.303101,-446.201508,0.128800,255,0,255
855.636536,-445.902374,0.128900,255,0,255
855.980469,-445.672302,0.129000,255,0,255
856.324402,-445.442200,0.129100,255,0,255
856.668396,-445.212097,0.129200,255,0,255
857.201904,-444.889954,0.129300,255,0,255
857.545837,-444.682861,0.129400,255,0,255
857.889832,-444.475800,0.129500,255,0,255
858.317993,-444.199646,0.129600,255,0,255
858.633911,-443.877533,0.129700,255,0,255
858.949768,-443.555420,0.129800,255,0,255
859.265625,-443.233246,0.129900,255,0,255
859.581543,-442.911133,0.130000,255,0,255
860.093933,-442.450928,0.130100,255,0,255
860.413330,-442.151825,0.130200,255,0,255
860.732727,-441.852692,0.130300,255,0,255
861.052124,-441.553589,0.130400,255,0,255
861.371521,-441.254425,0.130500,255,0,255
861.690918,-440.955322,0.130600,255,0,255
862.192810,-440.472107,0.130700,255,0,255
862.561340,-440.449097,0.130800,255,0,255
862.929810,-440.426117,0.130900,255,0,255
863.298401,-440.403107,0.131000,255,0,255
863.726562,-440.357086,0.131100,255,0,255
864.038940,-440.034943,0.131200,255,0,255
864.351318,-439.712799,0.131300,255,0,255
864.663696,-439.390686,0.131400,255,0,255
865.077820,-438.976501,0.131500,255,0,255
865.400757,-438.677399,0.131600,255,0,255
865.723633,-438.378235,0.131700,255,0,255
866.046509,-438.079132,0.131800,255,0,255
866.667786,-437.526886,0.131900,255,0,255
867.036316,-437.572906,0.132000,255,0,255
867.404846,-437.618927,0.132100,255,0,255
867.885620,-437.641937,0.132200,255,0,255
868.208618,-437.342804,0.132300,255,0,255
868.531494,-437.043701,0.132400,255,0,255
868.854370,-436.744568,0.132500,255,0,255
869.177307,-436.445435,0.132600,255,0,255
869.503662,-436.169312,0.132700,255,0,255
869.861694,-436.031281,0.132800,255,0,255
870.219666,-435.893219,0.132900,255,0,255
870.577698,-435.755127,0.133000,255,0,255
870.935669,-435.617096,0.133100,255,0,255
871.293701,-435.479034,0.133200,255,0,255
871.651672,-435.341003,0.133300,255,0,255
872.058777,-435.225922,0.133400,255,0,255
872.423828,-435.294983,0.133500,255,0,255
872.788879,-435.363983,0.133600,255,0,255
873.153870,-435.433014,0.133700,255,0,255
873.518860,-435.502045,0.133800,255,0,255
874.027832,-435.571075,0.133900,255,0,255
874.392822,-435.502045,0.134000,255,0,255
874.757812,-435.433014,0.134100,255,0,255
875.122803,-435.363983,0.134200,255,0,255
875.487854,-435.294983,0.134300,255,0,255
875.852905,-435.225922,0.134400,255,0,255
876.470581,-435.133911,0.134500,255,0,255
876.807556,-434.903809,0.134600,255,0,255
877.144470,-434.673706,0.134700,255,0,255
877.481384,-434.443604,0.134800,255,0,255
877.818359,-434.213501,0.134900,255,0,255
878.155273,-433.983429,0.135000,255,0,255
878.492249,-433.753326,0.135100,255,0,255
879.057312,-433.316132,0.135200,255,0,255
879.383728,-433.040009,0.135300,255,0,255
879.710144,-432.763916,0.135400,255,0,255
880.036499,-432.487793,0.135500,255,0,255
880.362976,-432.211700,0.135600,255,0,255
880.689331,-431.935577,0.135700,255,0,255
881.015808,-431.659454,0.135800,255,0,255
881.342163,-431.383331,0.135900,255,0,255
881.696655,-431.084198,0.136000,255,0,255
882.023132,-430.808105,0.136100,255,0,255
882.349487,-430.531982,0.136200,255,0,255
882.675903,-430.255890,0.136300,255,0,255
883.174316,-429.841705,0.136400,255,0,255
883.500732,-429.565582,0.136500,255,0,255
883.827087,-429.289490,0.136600,255,0,255
884.153564,-429.013367,0.136700,255,0,255
884.722168,-428.553162,0.136800,255,0,255
885.048523,-428.277069,0.136900,255,0,255
885.452148,-427.931885,0.137000,255,0,255
885.810120,-427.793854,0.137100,255,0,255
886.168152,-427.655792,0.137200,255,0,255
886.526123,-427.517731,0.137300,255,0,255
886.936768,-427.310669,0.137400,255,0,255
887.305298,-427.287659,0.137500,255,0,255
887.673828,-427.264618,0.137600,255,0,255
888.042358,-427.241608,0.137700,255,0,255
888.410889,-427.218597,0.137800,255,0,255
888.835571,-427.195587,0.137900,255,0,255
889.200623,-427.241608,0.138000,255,0,255
889.821838,-427.333679,0.138100,255,0,255
890.190369,-427.356659,0.138200,255,0,255
890.867737,-427.402679,0.138300,255,0,255
891.201172,-427.149567,0.138400,255,0,255
891.534607,-426.896484,0.138500,255,0,255
891.868042,-426.643372,0.138600,255,0,255
892.429626,-426.229187,0.138700,255,0,255
892.794617,-426.137177,0.138800,255,0,255
893.159668,-426.045105,0.138900,255,0,255
893.524658,-425.953094,0.139000,255,0,255
893.889648,-425.861053,0.139100,255,0,255
894.342468,-425.746002,0.139200,255,0,255
894.710938,-425.699982,0.139300,255,0,255
895.079468,-425.653961,0.139400,255,0,255
895.447998,-425.607941,0.139500,255,0,255
895.816528,-425.561920,0.139600,255,0,255
896.185059,-425.515900,0.139700,255,0,255
896.553589,-425.469879,0.139800,255,0,255
897.023926,-425.400848,0.139900,255,0,255
897.381958,-425.262787,0.140000,255,0,255
897.739929,-425.124756,0.140100,255,0,255
898.097900,-424.986694,0.140200,255,0,255
898.508545,-424.825592,0.140300,255,0,255
898.863037,-424.664551,0.140400,255,0,255
899.217529,-424.503479,0.140500,255,0,255
899.572021,-424.342407,0.140600,255,0,255
899.926514,-424.181366,0.140700,255,0,255
900.309021,-424.020264,0.140800,255,0,255
900.674133,-423.928253,0.140900,255,0,255
901.039124,-423.836182,0.141000,255,0,255
901.404114,-423.744171,0.141100,255,0,255
901.769165,-423.652100,0.141200,255,0,255
902.242981,-423.514069,0.141300,255,0,255
902.593933,-423.329987,0.141400,255,0,255
902.944885,-423.145905,0.141500,255,0,255
903.295898,-422.961853,0.141600,255,0,255
903.646912,-422.777771,0.141700,255,0,255
903.997864,-422.593689,0.141800,255,0,255
904.383972,-422.455627,0.141900,255,0,255
904.748962,-422.409607,0.142000,255,0,255
905.113953,-422.363586,0.142100,255,0,255
905.826477,-422.248566,0.142200,255,0,255
906.142334,-422.547668,0.142300,255,0,255
906.496826,-422.892792,0.142400,255,0,255
906.861816,-422.961853,0.142500,255,0,255
907.265442,-423.053864,0.142600,255,0,255
907.634033,-423.099884,0.142700,255,0,255
908.034119,-423.145905,0.142800,255,0,255
908.399109,-423.076874,0.142900,255,0,255
908.764099,-423.007874,0.143000,255,0,255
909.452087,-422.915802,0.143100,255,0,255
910.420776,-422.386597,0.143200,255,0,255
942.317688,-397.559296,0.143300,255,0,255
942.658142,-397.329193,0.143400,255,0,255
942.998596,-397.099091,0.143500,255,0,255
943.339050,-396.868988,0.143600,255,0,255
943.679443,-396.638916,0.143700,255,0,255
944.093628,-396.339783,0.143800,255,0,255
944.367432,-395.925598,0.143900,255,0,255
944.641174,-395.511414,0.144000,255,0,255
944.914917,-395.097229,0.144100,255,0,255
945.188721,-394.683105,0.144200,255,0,255
945.462463,-394.268921,0.144300,255,0,255
945.736206,-393.854736,0.144400,255,0,255
946.010010,-393.440582,0.144500,255,0,255
946.283752,-393.026398,0.144600,255,0,255
946.575073,-392.635223,0.144700,255,0,255
946.880432,-392.290100,0.144800,255,0,255
947.185791,-391.944946,0.144900,255,0,255
947.491089,-391.599792,0.145000,255,0,255
947.796509,-391.254669,0.145100,255,0,255
948.101807,-390.909515,0.145200,255,0,255
948.410706,-390.587372,0.145300,255,0,255
948.687988,-390.196198,0.145400,255,0,255
948.965210,-389.805054,0.145500,255,0,255
949.242493,-389.413879,0.145600,255,0,255
949.519775,-389.022705,0.145700,255,0,255
949.796997,-388.631561,0.145800,255,0,255
950.074341,-388.240387,0.145900,255,0,255
950.351624,-387.849213,0.146000,255,0,255
950.741150,-387.227997,0.146100,255,0,255
951.014954,-386.813812,0.146200,255,0,255
951.288696,-386.399628,0.146300,255,0,255
951.562439,-385.985474,0.146400,255,0,255
951.836243,-385.571289,0.146500,255,0,255
952.109985,-385.157104,0.146600,255,0,255
952.383728,-384.742950,0.146700,255,0,255
952.748779,-384.259766,0.146800,255,0,255
952.987488,-383.799561,0.146900,255,0,255
953.226135,-383.339386,0.147000,255,0,255
953.464783,-382.879181,0.147100,255,0,255
953.703491,-382.418976,0.147200,255,0,255
953.942078,-381.958801,0.147300,255,0,255
954.194824,-381.452576,0.147400,255,0,255
954.429932,-380.992401,0.147500,255,0,255
954.665100,-380.532196,0.147600,255,0,255
954.900269,-380.071991,0.147700,255,0,255
955.135376,-379.611816,0.147800,255,0,255
955.370605,-379.151642,0.147900,255,0,255
955.707520,-378.438354,0.148000,255,0,255
955.953186,-378.001160,0.148100,255,0,255
956.198914,-377.563965,0.148200,255,0,255
956.444580,-377.126770,0.148300,255,0,255
956.690247,-376.689606,0.148400,255,0,255
956.935974,-376.252441,0.148500,255,0,255
957.251831,-375.631165,0.148600,255,0,255
957.522095,-375.216980,0.148700,255,0,255
957.792297,-374.802826,0.148800,255,0,255
958.062561,-374.388641,0.148900,255,0,255
958.332825,-373.974457,0.149000,255,0,255
958.603088,-373.560303,0.149100,255,0,255
959.073425,-372.846985,0.149200,255,0,255
959.396301,-372.570892,0.149300,255,0,255
959.719238,-372.294769,0.149400,255,0,255
960.042114,-372.018646,0.149500,255,0,255
960.364929,-371.742554,0.149600,255,0,255
960.687927,-371.466431,0.149700,255,0,255
961.123108,-371.052246,0.149800,255,0,255
961.432007,-370.730133,0.149900,255,0,255
961.740845,-370.407990,0.150000,255,0,255
962.049744,-370.085846,0.150100,255,0,255
962.446289,-369.648682,0.150200,255,0,255
962.684998,-369.188477,0.150300,255,0,255
962.923645,-368.728271,0.150400,255,0,255
963.162354,-368.268127,0.150500,255,0,255
963.407959,-367.807922,0.150600,255,0,255
963.678223,-367.393738,0.150700,255,0,255
963.948425,-366.979553,0.150800,255,0,255
964.218750,-366.565369,0.150900,255,0,255
964.527649,-366.128235,0.151000,255,0,255
964.871521,-365.921143,0.151100,255,0,255
965.215515,-365.714050,0.151200,255,0,255
965.559570,-365.506958,0.151300,255,0,255
965.903442,-365.299866,0.151400,255,0,255
966.247437,-365.092773,0.151500,255,0,255
966.591309,-364.885712,0.151600,255,0,255
966.984436,-364.632568,0.151700,255,0,255
967.310852,-364.356476,0.151800,255,0,255
967.637329,-364.080353,0.151900,255,0,255
967.963745,-363.804230,0.152000,255,0,255
968.290100,-363.528137,0.152100,255,0,255
968.655151,-363.183014,0.152200,255,0,255
970.371460,-362.032501,0.152300,255,0,255
973.944397,-360.145721,0.152400,255,0,255
974.309326,-360.076691,0.152500,255,0,255
974.674438,-360.007660,0.152600,255,0,255
975.039368,-359.938629,0.152700,255,0,255
975.404419,-359.869629,0.152800,255,0,255
975.769531,-359.800598,0.152900,255,0,255
976.134460,-359.731537,0.153000,255,0,255
976.499512,-359.662537,0.153100,255,0,255
976.864502,-359.593506,0.153200,255,0,255
977.229553,-359.524445,0.153300,255,0,255
977.836792,-359.409424,0.153400,255,0,255
978.201721,-359.363403,0.153500,255,0,255
978.566772,-359.317352,0.153600,255,0,255
978.931763,-359.271362,0.153700,255,0,255
979.296814,-359.225342,0.153800,255,0,255
979.661743,-359.179321,0.153900,255,0,255
980.026794,-359.133301,0.154000,255,0,255
980.391907,-359.087311,0.154100,255,0,255
981.118347,-358.949219,0.154200,255,0,255
981.483398,-358.903198,0.154300,255,0,255
981.848389,-358.857208,0.154400,255,0,255
982.213440,-358.811157,0.154500,255,0,255
982.578369,-358.765137,0.154600,255,0,255
982.943481,-358.719116,0.154700,255,0,255
983.308533,-358.673126,0.154800,255,0,255
983.673462,-358.627106,0.154900,255,0,255
984.038574,-358.581055,0.155000,255,0,255
984.403503,-358.535034,0.155100,255,0,255
984.975586,-358.373993,0.155200,255,0,255
985.340637,-358.304962,0.155300,255,0,255
985.705627,-358.235931,0.155400,255,0,255
986.070679,-358.166901,0.155500,255,0,255
986.435730,-358.097870,0.155600,255,0,255
986.800659,-358.028839,0.155700,255,0,255
987.165771,-357.959808,0.155800,255,0,255
987.530701,-357.890808,0.155900,255,0,255
987.895752,-357.821747,0.156000,255,0,255
988.260742,-357.752716,0.156100,255,0,255
988.738037,-357.660706,0.156200,255,0,255
989.099609,-357.568634,0.156300,255,0,255
989.461121,-357.476624,0.156400,255,0,255
989.822632,-357.384583,0.156500,255,0,255
990.184143,-357.292542,0.156600,255,0,255
990.545654,-357.200500,0.156700,255,0,255
990.907166,-357.108459,0.156800,255,0,255
991.268677,-357.016418,0.156900,255,0,255
991.630188,-356.924408,0.157000,255,0,255
992.079407,-356.740326,0.157100,255,0,255
992.437500,-356.602234,0.157200,255,0,255
992.795471,-356.464203,0.157300,255,0,255
993.153442,-356.326141,0.157400,255,0,255
993.511414,-356.188080,0.157500,255,0,255
993.869385,-356.050018,0.157600,255,0,255
994.476562,-355.865936,0.157700,255,0,255
994.831116,-355.704895,0.157800,255,0,255
995.185547,-355.543823,0.157900,255,0,255
995.540100,-355.382721,0.158000,255,0,255
995.894531,-355.221680,0.158100,255,0,255
996.249023,-355.060608,0.158200,255,0,255
996.603577,-354.899536,0.158300,255,0,255
996.958008,-354.738495,0.158400,255,0,255
997.498535,-354.577423,0.158500,255,0,255
997.831970,-354.324310,0.158600,255,0,255
998.165344,-354.071198,0.158700,255,0,255
998.498840,-353.818085,0.158800,255,0,255
998.832214,-353.565002,0.158900,255,0,255
999.165710,-353.311890,0.159000,255,0,255
999.499146,-353.058777,0.159100,255,0,255
999.832520,-352.805695,0.159200,255,0,255
1000.309875,-352.460510,0.159300,255,0,255
1000.517029,-351.333038,0.159400,255,0,255
1001.260986,-350.067535,0.159500,255,0,255
1001.798035,-348.042694,0.159600,255,0,255
1002.015625,-347.559509,0.159700,255,0,255
1002.233276,-347.076294,0.159800,255,0,255
1002.450806,-346.593079,0.159900,255,0,255
1002.692993,-346.017822,0.160000,255,0,255
1003.005432,-345.695709,0.160100,255,0,255
1003.538818,-345.166504,0.160200,255,0,255
1003.672241,-344.614288,0.160300,255,0,255
1003.805603,-344.062012,0.160400,255,0,255
1003.991638,-343.233704,0.160500,255,0,255
1004.254883,-342.819519,0.160600,255,0,255
1004.518066,-342.405365,0.160700,255,0,255
1004.781311,-341.991180,0.160800,255,0,255
1005.044495,-341.576996,0.160900,255,0,255
1005.307861,-341.162811,0.161000,255,0,255
1005.630676,-340.633606,0.161100,255,0,255
1005.858887,-340.150391,0.161200,255,0,255
1006.086975,-339.667206,0.161300,255,0,255
1006.315186,-339.183990,0.161400,255,0,255
1006.543213,-338.700806,0.161500,255,0,255
1006.771423,-338.217590,0.161600,255,0,255
1006.999512,-337.734406,0.161700,255,0,255
1007.452271,-336.860046,0.161800,255,0,255
1007.697937,-336.399872,0.161900,255,0,255
1007.943665,-335.939667,0.162000,255,0,255
1008.189331,-335.479462,0.162100,255,0,255
1008.435059,-335.019287,0.162200,255,0,255
1008.680786,-334.559082,0.162300,255,0,255
1008.982544,-334.029877,0.162400,255,0,255
1009.273926,-333.661713,0.162500,255,0,255
1009.565186,-333.293549,0.162600,255,0,255
1009.856506,-332.925385,0.162700,255,0,255
1010.147766,-332.557251,0.162800,255,0,255
1010.439148,-332.189087,0.162900,255,0,255
1010.730408,-331.820953,0.163000,255,0,255
1011.021790,-331.452789,0.163100,255,0,255
1011.312988,-331.084656,0.163200,255,0,255
1011.695618,-330.647461,0.163300,255,0,255
1011.923767,-330.164246,0.163400,255,0,255
1012.151855,-329.681061,0.163500,255,0,255
1012.380066,-329.197845,0.163600,255,0,255
1012.713440,-328.530579,0.163700,255,0,255
1013.001221,-328.162445,0.163800,255,0,255
1013.289062,-327.794281,0.163900,255,0,255
1013.576904,-327.426117,0.164000,255,0,255
1013.864685,-327.057953,0.164100,255,0,255
1014.282288,-326.482727,0.164200,255,0,255
1016.082825,-325.516327,0.164300,255,0,255
1053.047852,-288.793060,0.164400,255,0,255
1053.286621,-288.332855,0.164500,255,0,255
1053.525269,-287.872681,0.164600,255,0,255
1053.763794,-287.412476,0.164700,255,0,255
1054.002563,-286.952271,0.164800,255,0,255
1054.241211,-286.492096,0.164900,255,0,255
1054.479858,-286.031921,0.165000,255,0,255
1054.718506,-285.571747,0.165100,255,0,255
1054.957275,-285.111542,0.165200,255,0,255
1055.195801,-284.651337,0.165300,255,0,255
1055.434570,-284.191162,0.165400,255,0,255
1055.722412,-283.615936,0.165500,255,0,255
1055.982056,-283.178741,0.165600,255,0,255
1056.241821,-282.741547,0.165700,255,0,255
1056.501465,-282.304352,0.165800,255,0,255
1056.761230,-281.867157,0.165900,255,0,255
1057.020996,-281.430023,0.166000,255,0,255
1057.280762,-280.992828,0.166100,255,0,255
1057.540405,-280.555634,0.166200,255,0,255
1057.800171,-280.118439,0.166300,255,0,255
1058.059814,-279.681274,0.166400,255,0,255
1058.319580,-279.244080,0.166500,255,0,255
1058.652954,-278.829926,0.166600,255,0,255
1058.786377,-278.277679,0.166700,255,0,255
1058.919800,-277.725464,0.166800,255,0,255
1059.053223,-277.173218,0.166900,255,0,255
1059.186523,-276.621002,0.167000,255,0,255
1059.319824,-276.068756,0.167100,255,0,255
1059.453247,-275.516541,0.167200,255,0,255
1059.698975,-274.412109,0.167300,255,0,255
1059.888550,-273.905853,0.167400,255,0,255
1060.078003,-273.399658,0.167500,255,0,255
1060.267578,-272.893433,0.167600,255,0,255
1060.457031,-272.387238,0.167700,255,0,255
1060.646606,-271.881042,0.167800,255,0,255
1060.836060,-271.374817,0.167900,255,0,255
1061.025635,-270.868622,0.168000,255,0,255
1061.215210,-270.362396,0.168100,255,0,255
1061.411743,-269.741150,0.168200,255,0,255
1061.650391,-269.280945,0.168300,255,0,255
1061.889038,-268.820740,0.168400,255,0,255
1062.127808,-268.360565,0.168500,255,0,255
1062.366333,-267.900391,0.168600,255,0,255
1062.605103,-267.440186,0.168700,255,0,255
1062.843750,-266.979980,0.168800,255,0,255
1063.082397,-266.519806,0.168900,255,0,255
1063.321045,-266.059601,0.169000,255,0,255
1063.559814,-265.599426,0.169100,255,0,255
1063.798340,-265.139221,0.169200,255,0,255
1064.037109,-264.679047,0.169300,255,0,255
1064.275757,-264.218842,0.169400,255,0,255
1064.514404,-263.758636,0.169500,255,0,255
1064.753052,-263.298462,0.169600,255,0,255
1064.998779,-262.815277,0.169700,255,0,255
1065.226807,-262.332062,0.169800,255,0,255
1065.455078,-261.848877,0.169900,255,0,255
1065.683105,-261.365662,0.170000,255,0,255
1065.911255,-260.882477,0.170100,255,0,255
1066.139404,-260.399261,0.170200,255,0,255
1066.367554,-259.916046,0.170300,255,0,255
1066.595703,-259.432861,0.170400,255,0,255
1066.823853,-258.949646,0.170500,255,0,255
1067.157227,-258.351410,0.170600,255,0,255
1067.385376,-257.891205,0.170700,255,0,255
1067.613525,-257.431030,0.170800,255,0,255
1067.841675,-256.970825,0.170900,255,0,255
1068.069824,-256.510620,0.171000,255,0,255
1068.297974,-256.050446,0.171100,255,0,255
1068.526001,-255.590256,0.171200,255,0,255
1068.754272,-255.130066,0.171300,255,0,255
1068.982300,-254.669876,0.171400,255,0,255
1069.210449,-254.209686,0.171500,255,0,255
1069.438599,-253.749496,0.171600,255,0,255
1069.821167,-252.875122,0.171700,255,0,255
1070.115967,-252.506973,0.171800,255,0,255
1070.410767,-252.138824,0.171900,255,0,255
1070.705688,-251.770676,0.172000,255,0,255
1071.000488,-251.402527,0.172100,255,0,255
1071.295288,-251.034363,0.172200,255,0,255
1071.590088,-250.666214,0.172300,255,0,255
1071.884888,-250.298065,0.172400,255,0,255
1072.179810,-249.929916,0.172500,255,0,255
1072.474609,-249.561737,0.172600,255,0,255
1072.769409,-249.193588,0.172700,255,0,255
1073.064209,-248.825439,0.172800,255,0,255
1073.583618,-248.227188,0.172900,255,0,255
1073.941650,-248.089127,0.173000,255,0,255
1074.299683,-247.951080,0.173100,255,0,255
1074.657715,-247.813019,0.173200,255,0,255
1075.015625,-247.674973,0.173300,255,0,255
1075.373657,-247.536911,0.173400,255,0,255
1075.882568,-247.398865,0.173500,255,0,255
1076.293213,-246.961670,0.173600,255,0,255
1076.416016,-245.857208,0.173700,255,0,255
1076.545898,-245.281967,0.173800,255,0,255
1076.675781,-244.706726,0.173900,255,0,255
1076.805664,-244.131500,0.174000,255,0,255
1077.012695,-243.234116,0.174100,255,0,255
1077.177612,-242.704910,0.174200,255,0,255
1077.342651,-242.175674,0.174300,255,0,255
1077.507568,-241.646454,0.174400,255,0,255
1077.672607,-241.117249,0.174500,255,0,255
1077.837524,-240.588013,0.174600,255,0,255
1078.002441,-240.058807,0.174700,255,0,255
1078.167480,-239.529587,0.174800,255,0,255
1078.388550,-238.793274,0.174900,255,0,255
1078.567505,-238.264053,0.175000,255,0,255
1078.746582,-237.734833,0.175100,255,0,255
1078.925537,-237.205612,0.175200,255,0,255
1079.286987,-236.170181,0.175300,255,0,255
1079.497559,-235.663986,0.175400,255,0,255
1079.708252,-235.157761,0.175500,255,0,255
1080.101318,-234.237381,0.175600,255,0,255
1080.645386,-232.879822,0.175700,255,0,255
1091.673096,-200.183212,0.175800,255,0,255
1091.887207,-199.700012,0.175900,255,0,255
1092.101318,-199.216812,0.176000,255,0,255
1092.315308,-198.733612,0.176100,255,0,255
1092.529419,-198.250412,0.176200,255,0,255
1092.743530,-197.767212,0.176300,255,0,255
1092.957642,-197.284012,0.176400,255,0,255
1093.245483,-196.593735,0.176500,255,0,255
1093.273560,-195.995483,0.176600,255,0,255
1093.301636,-195.397232,0.176700,255,0,255
1093.329712,-194.798996,0.176800,255,0,255
1093.375366,-193.970642,0.176900,255,0,255
1093.578857,-193.464432,0.177000,255,0,255
1093.782471,-192.958206,0.177100,255,0,255
1093.986084,-192.452011,0.177200,255,0,255
1094.189697,-191.945801,0.177300,255,0,255
1094.393188,-191.439590,0.177400,255,0,255
1094.600220,-190.933380,0.177500,255,0,255
1094.744141,-190.381149,0.177600,255,0,255
1094.888062,-189.828918,0.177700,255,0,255
1095.031982,-189.276688,0.177800,255,0,255
1095.175903,-188.724457,0.177900,255,0,255
1095.319702,-188.172226,0.178000,255,0,255
1095.463745,-187.619995,0.178100,255,0,255
1095.607544,-187.067780,0.178200,255,0,255
1095.751465,-186.515533,0.178300,255,0,255
1095.983154,-185.526123,0.178400,255,0,255
1096.176147,-185.019928,0.178500,255,0,255
1096.369141,-184.513718,0.178600,255,0,255
1096.562256,-184.007492,0.178700,255,0,255
1096.755249,-183.501282,0.178800,255,0,255
1096.948364,-182.995071,0.178900,255,0,255
1097.141357,-182.488861,0.179000,255,0,255
1097.334351,-181.982666,0.179100,255,0,255
1097.611694,-181.200333,0.179200,255,0,255
1097.874878,-180.786163,0.179300,255,0,255
1098.138062,-180.371979,0.179400,255,0,255
1098.401245,-179.957809,0.179500,255,0,255
1098.664673,-179.543655,0.179600,255,0,255
1098.927856,-179.129471,0.179700,255,0,255
1099.222656,-178.646271,0.179800,255,0,255
1099.464844,-178.186066,0.179900,255,0,255
1099.706909,-177.725891,0.180000,255,0,255
1099.949097,-177.265701,0.180100,255,0,255
1100.265137,-176.713455,0.180200,255,0,255
1100.465088,-176.207260,0.180300,255,0,255
1100.665161,-175.701050,0.180400,255,0,255
1100.865234,-175.194839,0.180500,255,0,255
1101.065308,-174.688614,0.180600,255,0,255
1101.265259,-174.182404,0.180700,255,0,255
1101.465332,-173.676208,0.180800,255,0,255
1101.665527,-173.169998,0.180900,255,0,255
1101.865479,-172.663788,0.181000,255,0,255
1102.107666,-172.019516,0.181100,255,0,255
1102.339355,-171.559326,0.181200,255,0,255
1102.570923,-171.099136,0.181300,255,0,255
1102.802612,-170.638947,0.181400,255,0,255
1103.034302,-170.178741,0.181500,255,0,255
1103.265991,-169.718552,0.181600,255,0,255
1103.497559,-169.258377,0.181700,255,0,255
1103.729248,-168.798172,0.181800,255,0,255
1103.960815,-168.337982,0.181900,255,0,255
1104.403076,-167.417603,0.182000,255,0,255
1104.634766,-166.957397,0.182100,255,0,255
1104.866455,-166.497223,0.182200,255,0,255
1105.098022,-166.037033,0.182300,255,0,255
1105.329712,-165.576828,0.182400,255,0,255
1105.659546,-164.886536,0.182500,255,0,255
1106.526489,-163.137817,0.182600,255,0,255
1149.791626,-28.071671,0.182700,255,0,255
1149.844360,-28.669918,0.182800,255,0,255
1149.928589,-29.613312,0.182900,255,0,255
1149.956543,-30.211559,0.183000,255,0,255
1149.984619,-30.809809,0.183100,255,0,255
1150.012817,-31.408058,0.183200,255,0,255
1150.040771,-32.006306,0.183300,255,0,255
1150.072388,-32.765621,0.183400,255,0,255
1150.160156,-33.340862,0.183500,255,0,255
1150.247925,-33.916100,0.183600,255,0,255
1150.335571,-34.491341,0.183700,255,0,255
1150.433960,-35.204636,0.183800,255,0,255
1150.490112,-35.802883,0.183900,255,0,255
1150.588257,-36.861324,0.184000,255,0,255
1150.767456,-37.390545,0.184100,255,0,255
1150.946411,-37.919765,0.184200,255,0,255
1151.125366,-38.448986,0.184300,255,0,255
1151.304321,-38.978203,0.184400,255,0,255
1151.553467,-39.691502,0.184500,255,0,255
1151.613281,-40.289753,0.184600,255,0,255
1151.672852,-40.887997,0.184700,255,0,255
1151.732422,-41.532269,0.184800,255,0,255
1151.729004,-42.130512,0.184900,255,0,255
1151.725464,-42.728764,0.185000,255,0,255
1151.725464,-43.833225,0.185100,255,0,255
1151.806274,-46.594372,0.185200,255,0,255
1151.946655,-15.186314,0.185300,255,0,255
1151.904541,-14.588065,0.185400,255,0,255
1151.827393,-13.529625,0.185500,255,0,255
1151.778198,-12.931376,0.185600,255,0,255
1151.729004,-12.333128,0.185700,255,0,255
1151.679810,-11.734879,0.185800,255,0,255
1151.630737,-11.136629,0.185900,255,0,255
1151.581665,-10.538381,0.186000,255,0,255
1151.532471,-9.940132,0.186100,255,0,255
1151.458740,-8.927711,0.186200,255,0,255
1151.388550,-8.329463,0.186300,255,0,255
1151.318481,-7.731215,0.186400,255,0,255
1151.248169,-7.132965,0.186500,255,0,255
1151.177979,-6.534717,0.186600,255,0,255
1151.107788,-5.936468,0.186700,255,0,255
1151.037598,-5.338219,0.186800,255,0,255
1150.904297,-4.348808,0.186900,255,0,255
1150.900757,-3.750559,0.187000,255,0,255
1150.897217,-3.152310,0.187100,255,0,255
1150.893799,-2.554062,0.187200,255,0,255
1150.890137,-1.955813,0.187300,255,0,255
1150.886597,-1.357564,0.187400,255,0,255
1150.883179,-0.759316,0.187500,255,0,255
1150.879639,-0.161067,0.187600,255,0,255
1150.876099,0.437182,0.187700,255,0,255
1150.865601,1.449603,0.187800,255,0,255
1150.820068,2.047851,0.187900,255,0,255
1150.774414,2.646100,0.188000,255,0,255
1150.728760,3.244349,0.188100,255,0,255
1150.683105,3.842597,0.188200,255,0,255
1150.637451,4.440846,0.188300,255,0,255
1150.591797,5.039095,0.188400,255,0,255
1150.546143,5.637344,0.188500,255,0,255
1150.500610,6.235592,0.188600,255,0,255
1150.465454,6.856851,0.188700,255,0,255
1150.451416,7.455100,0.188800,255,0,255
1150.437500,8.053348,0.188900,255,0,255
1150.423340,8.651597,0.189000,255,0,255
1150.409302,9.249846,0.189100,255,0,255
1150.388306,10.032170,0.189200,255,0,255
1150.388306,10.630419,0.189300,255,0,255
1150.388306,11.228667,0.189400,255,0,255
1150.388306,11.826917,0.189500,255,0,255
1150.388306,12.425166,0.189600,255,0,255
1150.388306,13.023415,0.189700,255,0,255
1150.388306,13.621663,0.189800,255,0,255
1150.377686,14.450007,0.189900,255,0,255
1150.402344,15.048256,0.190000,255,0,255
1150.427002,15.646504,0.190100,255,0,255
1150.451416,16.244753,0.190200,255,0,255
1150.476074,16.843002,0.190300,255,0,255
1150.518188,17.694355,0.190400,255,0,255
1150.490112,18.292604,0.190500,255,0,255
1150.461914,18.890854,0.190600,255,0,255
1150.433960,19.489101,0.190700,255,0,255
1150.405884,20.087351,0.190800,255,0,255
1150.377686,20.685598,0.190900,255,0,255
1150.349731,21.283848,0.191000,255,0,255
1150.321655,21.882095,0.191100,255,0,255
1150.293457,22.480345,0.191200,255,0,255
1150.265503,23.078596,0.191300,255,0,255
1150.230347,23.722862,0.191400,255,0,255
1150.184692,24.321112,0.191500,255,0,255
1150.139160,24.919359,0.191600,255,0,255
1150.093506,25.517609,0.191700,255,0,255
1150.047852,26.115858,0.191800,255,0,255
1150.002197,26.714106,0.191900,255,0,255
1149.956543,27.312355,0.192000,255,0,255
1149.910889,27.910603,0.192100,255,0,255
1149.854858,28.554871,0.192200,255,0,255
1149.798706,29.153118,0.192300,255,0,255
1149.742432,29.751369,0.192400,255,0,255
1149.686279,30.349619,0.192500,255,0,255
1149.630249,30.947866,0.192600,255,0,255
1149.573975,31.546116,0.192700,255,0,255
1149.479248,32.604553,0.192800,255,0,255
1149.433594,33.202805,0.192900,255,0,255
1149.388062,33.801052,0.193000,255,0,255
1149.342407,34.399303,0.193100,255,0,255
1149.296753,34.997551,0.193200,255,0,255
1149.212524,36.032982,0.193300,255,0,255
1149.177368,36.677246,0.193400,255,0,255
1152.525757,58.996525,0.193500,255,0,255
1152.199341,58.720413,0.193600,255,0,255
1151.872925,58.444298,0.193700,255,0,255
1151.546509,58.168182,0.193800,255,0,255
1150.963867,57.684982,0.193900,255,0,255
1150.725342,57.224792,0.194000,255,0,255
1150.486572,56.764599,0.194100,255,0,255
1150.247925,56.304405,0.194200,255,0,255
1149.788086,55.407036,0.194300,255,0,255
1149.194946,53.796364,0.194400,255,0,255